ligand_id,target,seed,n_poses,selected_mode,CNNscore,CNNaffinity,centroid_to_crystal_lig_A,pass_pocket_centroid,pocket_overlap_frac,n_key_contacts,key_recovery_frac,ifp_jaccard_vs_np3146,ifp_bits,n_ifp_bits,keep_nlrp3_pose,keep_nlrp3_structural,sdf,d_ALA227,contact_ALA227,d_ALA228,contact_ALA228,d_ARG351,contact_ARG351,d_MET408,contact_MET408,d_TYR443,contact_TYR443,d_PHE575,contact_PHE575,d_ARG578,contact_ARG578,role,error
NP3-146,nlrp3_7alv,42,9.0,1.0,0.971881032,7.45910025,0.35827093853443076,True,1.0,6.0,0.8571428571428571,0.8421052631578947,AROMATIC:PHE575;CONTACT:ALA227;CONTACT:ALA228;CONTACT:ARG351;CONTACT:ARG578;CONTACT:MET408;CONTACT:PHE575;HBOND:ALA228;HBOND:ARG351;HBOND:ARG578;HYDROPHOBIC:MET408;HYDROPHOBIC:PHE575;POLAR:ARG351;POLAR:ARG578;WALKER:ALA227;WALKER:ALA228,16.0,True,True,/workspace/URAT1_NLRP3_DualTarget_AIDD_Project/data/campaigns/c5/02_nlrp3_panel/positives/seed42/NP3-146_out.sdf,3.2812613428375377,True,2.987227644489115,True,2.796792984831019,True,3.6318539342875558,True,4.517012397592021,False,3.323669207367064,True,2.7998896406822946,True,positive,
MCC950,nlrp3_7alv,42,9.0,1.0,0.958851457,7.06399727,0.35819734301158535,True,1.0,6.0,0.8571428571428571,0.8947368421052632,AROMATIC:PHE575;AROMATIC:TYR443;CONTACT:ALA227;CONTACT:ALA228;CONTACT:ARG351;CONTACT:ARG578;CONTACT:PHE575;CONTACT:TYR443;HBOND:ALA228;HBOND:ARG351;HBOND:ARG578;HYDROPHOBIC:PHE575;HYDROPHOBIC:TYR443;POLAR:ARG351;POLAR:ARG578;WALKER:ALA227;WALKER:ALA228,17.0,True,True,/workspace/URAT1_NLRP3_DualTarget_AIDD_Project/data/campaigns/c5/02_nlrp3_panel/positives/seed42/MCC950_out.sdf,3.2046773628557412,True,3.1369529802022926,True,2.850128067298035,True,4.962430956698542,False,3.34397443172043,True,3.3809372960763415,True,3.010160626943355,True,positive,
CHEMBL4204644,nlrp3_7alv,42,9.0,1.0,0.858764231,6.77430677,0.8383128760064525,True,0.9642857142857143,7.0,1.0,1.0,AROMATIC:PHE575;AROMATIC:TYR443;CONTACT:ALA227;CONTACT:ALA228;CONTACT:ARG351;CONTACT:ARG578;CONTACT:MET408;CONTACT:PHE575;CONTACT:TYR443;HBOND:ALA228;HBOND:ARG351;HBOND:ARG578;HYDROPHOBIC:MET408;HYDROPHOBIC:PHE575;HYDROPHOBIC:TYR443;POLAR:ARG351;POLAR:ARG578;WALKER:ALA227;WALKER:ALA228,19.0,True,True,/workspace/URAT1_NLRP3_DualTarget_AIDD_Project/data/campaigns/c5/02_nlrp3_panel/positives/seed42/CHEMBL4204644_out.sdf,3.2864728813729838,True,3.146577187993314,True,3.2981572127477508,True,4.045571529462802,True,3.1310761728198164,True,3.3557243629356703,True,2.824240428858702,True,positive,
CHEMBL5219789,nlrp3_7alv,42,9.0,1.0,0.900610566,7.20567274,0.24312405624998043,True,1.0,6.0,0.8571428571428571,0.8421052631578947,AROMATIC:PHE575;AROMATIC:TYR443;CONTACT:ALA227;CONTACT:ALA228;CONTACT:ARG351;CONTACT:ARG578;CONTACT:PHE575;CONTACT:TYR443;HBOND:ARG351;HBOND:ARG578;HYDROPHOBIC:PHE575;HYDROPHOBIC:TYR443;POLAR:ARG351;POLAR:ARG578;WALKER:ALA227;WALKER:ALA228,16.0,True,True,/workspace/URAT1_NLRP3_DualTarget_AIDD_Project/data/campaigns/c5/02_nlrp3_panel/positives/seed42/CHEMBL5219789_out.sdf,3.2295693211324794,True,3.2263518097070407,True,3.0601973792551416,True,4.835752371658415,False,3.4674967916351442,True,3.444539011246649,True,2.8044150905313554,True,positive,
CHEMBL4212407,nlrp3_7alv,42,9.0,1.0,0.950882077,7.03805733,0.3210948294448671,True,1.0,6.0,0.8571428571428571,0.8947368421052632,AROMATIC:PHE575;AROMATIC:TYR443;CONTACT:ALA227;CONTACT:ALA228;CONTACT:ARG351;CONTACT:ARG578;CONTACT:PHE575;CONTACT:TYR443;HBOND:ALA228;HBOND:ARG351;HBOND:ARG578;HYDROPHOBIC:PHE575;HYDROPHOBIC:TYR443;POLAR:ARG351;POLAR:ARG578;WALKER:ALA227;WALKER:ALA228,17.0,True,True,/workspace/URAT1_NLRP3_DualTarget_AIDD_Project/data/campaigns/c5/02_nlrp3_panel/positives/seed42/CHEMBL4212407_out.sdf,3.1992349085367326,True,3.125082238917878,True,2.796313287169374,True,4.856668199496443,False,3.4328102190479446,True,3.3699301179698056,True,2.842538829989842,True,positive,
CHEMBL6143743,nlrp3_7alv,42,9.0,1.0,0.953622401,7.10481644,1.1900650654859064,True,0.9117647058823529,6.0,0.8571428571428571,0.8947368421052632,AROMATIC:PHE575;AROMATIC:TYR443;CONTACT:ALA227;CONTACT:ALA228;CONTACT:ARG351;CONTACT:ARG578;CONTACT:PHE575;CONTACT:TYR443;HBOND:ALA228;HBOND:ARG351;HBOND:ARG578;HYDROPHOBIC:PHE575;HYDROPHOBIC:TYR443;POLAR:ARG351;POLAR:ARG578;WALKER:ALA227;WALKER:ALA228,17.0,True,True,/workspace/URAT1_NLRP3_DualTarget_AIDD_Project/data/campaigns/c5/02_nlrp3_panel/positives/seed42/CHEMBL6143743_out.sdf,3.215391733521758,True,3.263897823155628,True,2.9105441072074516,True,4.9349688955453415,False,4.3636339214008295,True,3.272836842862774,True,2.8584508041944625,True,positive,
CHEMBL4209503,nlrp3_7alv,42,9.0,1.0,0.88342911,6.92564774,0.2641424618904755,True,0.9285714285714286,6.0,0.8571428571428571,0.8947368421052632,AROMATIC:PHE575;AROMATIC:TYR443;CONTACT:ALA227;CONTACT:ALA228;CONTACT:ARG351;CONTACT:ARG578;CONTACT:PHE575;CONTACT:TYR443;HBOND:ALA228;HBOND:ARG351;HBOND:ARG578;HYDROPHOBIC:PHE575;HYDROPHOBIC:TYR443;POLAR:ARG351;POLAR:ARG578;WALKER:ALA227;WALKER:ALA228,17.0,True,True,/workspace/URAT1_NLRP3_DualTarget_AIDD_Project/data/campaigns/c5/02_nlrp3_panel/positives/seed42/CHEMBL4209503_out.sdf,3.311458440023069,True,2.9973765195584017,True,2.947387147966827,True,4.8753701397945175,False,3.330866253694376,True,3.4061046666243193,True,3.065658004409491,True,positive,
CHEMBL4216836,nlrp3_7alv,42,9.0,1.0,0.947069108,7.03650618,0.3554352059581452,True,1.0,6.0,0.8571428571428571,0.8947368421052632,AROMATIC:PHE575;AROMATIC:TYR443;CONTACT:ALA227;CONTACT:ALA228;CONTACT:ARG351;CONTACT:ARG578;CONTACT:PHE575;CONTACT:TYR443;HBOND:ALA228;HBOND:ARG351;HBOND:ARG578;HYDROPHOBIC:PHE575;HYDROPHOBIC:TYR443;POLAR:ARG351;POLAR:ARG578;WALKER:ALA227;WALKER:ALA228,17.0,True,True,/workspace/URAT1_NLRP3_DualTarget_AIDD_Project/data/campaigns/c5/02_nlrp3_panel/positives/seed42/CHEMBL4216836_out.sdf,3.215048833221673,True,3.083423422107317,True,2.8292580299435364,True,4.836709832106947,False,3.433387103138825,True,3.302906295976313,True,2.8407352921382847,True,positive,
CHEMBL6171925,nlrp3_7alv,42,9.0,1.0,0.97404027,7.39583349,0.5973265735031736,True,0.9696969696969697,6.0,0.8571428571428571,0.8947368421052632,AROMATIC:PHE575;AROMATIC:TYR443;CONTACT:ALA227;CONTACT:ALA228;CONTACT:ARG351;CONTACT:ARG578;CONTACT:PHE575;CONTACT:TYR443;HBOND:ALA228;HBOND:ARG351;HBOND:ARG578;HYDROPHOBIC:PHE575;HYDROPHOBIC:TYR443;POLAR:ARG351;POLAR:ARG578;WALKER:ALA227;WALKER:ALA228,17.0,True,True,/workspace/URAT1_NLRP3_DualTarget_AIDD_Project/data/campaigns/c5/02_nlrp3_panel/positives/seed42/CHEMBL6171925_out.sdf,3.2276819855741716,True,3.2091260492539084,True,2.917924776275092,True,5.058451344038016,False,3.6723427127652477,True,3.1734449735264034,True,2.9625566661247227,True,positive,
C5W4D_001,nlrp3_7alv,42,9.0,1.0,0.410638243,6.39506006,2.415663524358846,True,0.7037037037037037,5.0,0.7142857142857143,0.7368421052631579,AROMATIC:PHE575;AROMATIC:TYR443;CONTACT:ALA227;CONTACT:ALA228;CONTACT:ARG578;CONTACT:PHE575;CONTACT:TYR443;HBOND:ALA228;HBOND:ARG578;HYDROPHOBIC:PHE575;HYDROPHOBIC:TYR443;POLAR:ARG578;WALKER:ALA227;WALKER:ALA228,14.0,False,False,/workspace/URAT1_NLRP3_DualTarget_AIDD_Project/data/campaigns/c5/02_nlrp3_panel/decoys/seed42/C5W4D_001_out.sdf,3.2910764196536095,True,2.886119366900824,True,4.928765159753508,False,4.778840235873138,False,4.061600792790939,True,3.356799219494665,True,3.123801850309971,True,decoy,
C5W4D_002,,42,,,,,,,,,,,,,False,False,/workspace/URAT1_NLRP3_DualTarget_AIDD_Project/data/campaigns/c5/02_nlrp3_panel/decoys/seed42/C5W4D_002_out.sdf,,,,,,,,,,,,,,,decoy,empty_or_missing_sdf
C5W4D_003,nlrp3_7alv,42,9.0,1.0,0.378883809,5.54208612,6.227223586100851,False,0.39285714285714285,2.0,0.2857142857142857,0.21052631578947367,CONTACT:ALA227;CONTACT:ARG578;POLAR:ARG578;WALKER:ALA227,4.0,False,False,/workspace/URAT1_NLRP3_DualTarget_AIDD_Project/data/campaigns/c5/02_nlrp3_panel/decoys/seed42/C5W4D_003_out.sdf,3.356260716928887,True,6.278106959904395,False,6.75211885262693,False,7.040985726444842,False,9.32420897449215,False,5.795463484485082,False,3.3364421169862966,True,decoy,
C5W4D_004,nlrp3_7alv,42,9.0,1.0,0.395945042,6.85038996,1.4744711839486333,True,0.7586206896551724,7.0,1.0,0.9473684210526315,AROMATIC:PHE575;AROMATIC:TYR443;CONTACT:ALA227;CONTACT:ALA228;CONTACT:ARG351;CONTACT:ARG578;CONTACT:MET408;CONTACT:PHE575;CONTACT:TYR443;HBOND:ALA228;HBOND:ARG351;HYDROPHOBIC:MET408;HYDROPHOBIC:PHE575;HYDROPHOBIC:TYR443;POLAR:ARG351;POLAR:ARG578;WALKER:ALA227;WALKER:ALA228,18.0,False,False,/workspace/URAT1_NLRP3_DualTarget_AIDD_Project/data/campaigns/c5/02_nlrp3_panel/decoys/seed42/C5W4D_004_out.sdf,3.487620535551428,True,2.968905185417673,True,3.1072511967975833,True,3.4736459232339767,True,4.090658382216733,True,3.488403216372785,True,3.389937757540688,True,decoy,
C5W4D_005,nlrp3_7alv,42,9.0,1.0,0.565823674,6.63907576,1.5397571770494638,True,0.7666666666666667,6.0,0.8571428571428571,0.7894736842105263,AROMATIC:PHE575;AROMATIC:TYR443;CONTACT:ALA227;CONTACT:ALA228;CONTACT:ARG351;CONTACT:ARG578;CONTACT:PHE575;CONTACT:TYR443;HBOND:ARG578;HYDROPHOBIC:PHE575;HYDROPHOBIC:TYR443;POLAR:ARG351;POLAR:ARG578;WALKER:ALA227;WALKER:ALA228,15.0,True,True,/workspace/URAT1_NLRP3_DualTarget_AIDD_Project/data/campaigns/c5/02_nlrp3_panel/decoys/seed42/C5W4D_005_out.sdf,3.6131489036573115,True,3.1136867215569244,True,4.229856380540594,True,5.559109461055795,False,3.3701458425415343,True,4.088859376403153,True,2.8020624546929787,True,decoy,
C5W4D_006,nlrp3_7alv,42,9.0,1.0,0.799926817,6.22241259,3.224874270701289,True,0.5517241379310345,5.0,0.7142857142857143,0.65,AROMATIC:PHE575;AROMATIC:TYR443;CONTACT:ALA227;CONTACT:ALA228;CONTACT:ARG578;CONTACT:PHE575;CONTACT:TYR443;HBOND:ALA227;HBOND:ARG578;HYDROPHOBIC:PHE575;HYDROPHOBIC:TYR443;POLAR:ARG578;WALKER:ALA227;WALKER:ALA228,14.0,True,True,/workspace/URAT1_NLRP3_DualTarget_AIDD_Project/data/campaigns/c5/02_nlrp3_panel/decoys/seed42/C5W4D_006_out.sdf,3.341765700943136,True,3.664439520581543,True,6.611588084567888,False,4.920945539223132,False,4.233917689327457,True,3.77578203820083,True,2.8188533129625566,True,decoy,
C5W4D_007,nlrp3_7alv,42,9.0,1.0,0.303221583,6.09143019,4.2622018439227904,True,0.5806451612903226,2.0,0.2857142857142857,0.2631578947368421,CONTACT:ALA227;CONTACT:ARG578;HBOND:ARG578;POLAR:ARG578;WALKER:ALA227,5.0,False,False,/workspace/URAT1_NLRP3_DualTarget_AIDD_Project/data/campaigns/c5/02_nlrp3_panel/decoys/seed42/C5W4D_007_out.sdf,2.7395850050692028,True,4.939855261037516,False,5.498283732220442,False,6.638283965001796,False,10.429382436175212,False,5.632007191046538,False,3.228269350596383,True,decoy,
C5W4D_008,nlrp3_7alv,42,9.0,1.0,0.207240582,6.27999067,1.581496126951531,True,0.7333333333333333,6.0,0.8571428571428571,0.7894736842105263,AROMATIC:PHE575;AROMATIC:TYR443;CONTACT:ALA227;CONTACT:ALA228;CONTACT:ARG351;CONTACT:ARG578;CONTACT:PHE575;CONTACT:TYR443;HBOND:ARG578;HYDROPHOBIC:PHE575;HYDROPHOBIC:TYR443;POLAR:ARG351;POLAR:ARG578;WALKER:ALA227;WALKER:ALA228,15.0,False,False,/workspace/URAT1_NLRP3_DualTarget_AIDD_Project/data/campaigns/c5/02_nlrp3_panel/decoys/seed42/C5W4D_008_out.sdf,3.5317640068385114,True,3.3945624165715267,True,3.893898560568835,True,6.203793436277519,False,3.6047851530985855,True,2.8272111700401865,True,3.4223245024398237,True,decoy,
C5W4D_009,nlrp3_7alv,42,9.0,1.0,0.805382431,6.8462348,1.5034939615472156,True,0.8709677419354839,6.0,0.8571428571428571,0.8421052631578947,AROMATIC:PHE575;CONTACT:ALA227;CONTACT:ALA228;CONTACT:ARG351;CONTACT:ARG578;CONTACT:MET408;CONTACT:PHE575;HBOND:ALA228;HBOND:ARG351;HBOND:ARG578;HYDROPHOBIC:MET408;HYDROPHOBIC:PHE575;POLAR:ARG351;POLAR:ARG578;WALKER:ALA227;WALKER:ALA228,16.0,True,True,/workspace/URAT1_NLRP3_DualTarget_AIDD_Project/data/campaigns/c5/02_nlrp3_panel/decoys/seed42/C5W4D_009_out.sdf,3.493579969028911,True,3.154959587696804,True,3.127407392713653,True,4.327032470412025,True,6.195286918295227,False,3.324469882552703,True,3.2172771096068185,True,decoy,
C5W4D_010,nlrp3_7alv,42,9.0,1.0,0.714831233,6.52646875,2.252177585047083,True,0.7878787878787878,5.0,0.7142857142857143,0.6842105263157895,AROMATIC:PHE575;AROMATIC:TYR443;CONTACT:ALA227;CONTACT:ALA228;CONTACT:ARG578;CONTACT:PHE575;CONTACT:TYR443;HBOND:ALA228;HYDROPHOBIC:PHE575;HYDROPHOBIC:TYR443;POLAR:ARG578;WALKER:ALA227;WALKER:ALA228,13.0,True,True,/workspace/URAT1_NLRP3_DualTarget_AIDD_Project/data/campaigns/c5/02_nlrp3_panel/decoys/seed42/C5W4D_010_out.sdf,3.2029052436811196,True,2.9136041254775757,True,5.004557123262759,False,4.80093876236721,False,3.6036238704948134,True,3.4825803651890066,True,3.631794873062077,True,decoy,
C5W4D_011,nlrp3_7alv,42,9.0,1.0,0.152184114,5.98044062,2.6720342556281227,True,0.75,4.0,0.5714285714285714,0.5263157894736842,AROMATIC:TYR443;CONTACT:ALA227;CONTACT:ALA228;CONTACT:ARG578;CONTACT:TYR443;HBOND:ARG578;HYDROPHOBIC:TYR443;POLAR:ARG578;WALKER:ALA227;WALKER:ALA228,10.0,False,False,/workspace/URAT1_NLRP3_DualTarget_AIDD_Project/data/campaigns/c5/02_nlrp3_panel/decoys/seed42/C5W4D_011_out.sdf,3.5451224238381513,True,3.925579065564716,True,6.426552030443697,False,5.292390291730196,False,4.336679144230062,True,4.697094101676058,False,3.160128003736558,True,decoy,
C5W4D_012,nlrp3_7alv,42,9.0,1.0,0.292858034,5.59852171,2.2740943989190305,True,0.8,5.0,0.7142857142857143,0.6842105263157895,AROMATIC:PHE575;AROMATIC:TYR443;CONTACT:ALA227;CONTACT:ALA228;CONTACT:ARG578;CONTACT:PHE575;CONTACT:TYR443;HBOND:ARG578;HYDROPHOBIC:PHE575;HYDROPHOBIC:TYR443;POLAR:ARG578;WALKER:ALA227;WALKER:ALA228,13.0,False,False,/workspace/URAT1_NLRP3_DualTarget_AIDD_Project/data/campaigns/c5/02_nlrp3_panel/decoys/seed42/C5W4D_012_out.sdf,3.8273443795927324,True,3.2292983758085816,True,5.723186350277265,False,4.867637106440867,False,3.899874485159749,True,3.734918606877531,True,3.2920599933780053,True,decoy,
C5W4D_013,nlrp3_7alv,42,9.0,1.0,0.525110662,7.0455451,0.9225854615506618,True,0.9090909090909091,7.0,1.0,0.8947368421052632,AROMATIC:PHE575;AROMATIC:TYR443;CONTACT:ALA227;CONTACT:ALA228;CONTACT:ARG351;CONTACT:ARG578;CONTACT:MET408;CONTACT:PHE575;CONTACT:TYR443;HBOND:ALA228;HYDROPHOBIC:MET408;HYDROPHOBIC:PHE575;HYDROPHOBIC:TYR443;POLAR:ARG351;POLAR:ARG578;WALKER:ALA227;WALKER:ALA228,17.0,True,True,/workspace/URAT1_NLRP3_DualTarget_AIDD_Project/data/campaigns/c5/02_nlrp3_panel/decoys/seed42/C5W4D_013_out.sdf,3.0920687249801015,True,2.806868896118943,True,4.309062194956113,True,3.6456431531349884,True,3.8133410547707354,True,3.1793252428778027,True,3.58488019325611,True,decoy,
C5W4D_014,nlrp3_7alv,42,9.0,1.0,0.491318524,5.96427393,1.264169401098204,True,1.0,6.0,0.8571428571428571,0.8421052631578947,AROMATIC:PHE575;AROMATIC:TYR443;CONTACT:ALA227;CONTACT:ALA228;CONTACT:ARG578;CONTACT:MET408;CONTACT:PHE575;CONTACT:TYR443;HBOND:ALA228;HBOND:ARG578;HYDROPHOBIC:MET408;HYDROPHOBIC:PHE575;HYDROPHOBIC:TYR443;POLAR:ARG578;WALKER:ALA227;WALKER:ALA228,16.0,False,False,/workspace/URAT1_NLRP3_DualTarget_AIDD_Project/data/campaigns/c5/02_nlrp3_panel/decoys/seed42/C5W4D_014_out.sdf,3.5806504995601074,True,2.8005433401395305,True,5.698946744794163,False,3.3693101667848895,True,3.4806091420899326,True,3.3515518793538033,True,2.8018429649072036,True,decoy,
C5W4D_015,nlrp3_7alv,42,9.0,1.0,0.684119225,7.06243372,0.37253217677522915,True,0.84375,6.0,0.8571428571428571,0.7894736842105263,AROMATIC:PHE575;AROMATIC:TYR443;CONTACT:ALA227;CONTACT:ALA228;CONTACT:ARG351;CONTACT:ARG578;CONTACT:PHE575;CONTACT:TYR443;HBOND:ALA228;HYDROPHOBIC:PHE575;HYDROPHOBIC:TYR443;POLAR:ARG351;POLAR:ARG578;WALKER:ALA227;WALKER:ALA228,15.0,True,True,/workspace/URAT1_NLRP3_DualTarget_AIDD_Project/data/campaigns/c5/02_nlrp3_panel/decoys/seed42/C5W4D_015_out.sdf,3.7018494026634947,True,3.2746042508981197,True,3.38213675063561,True,4.737089190631734,False,2.9784239120716203,True,3.578882088026928,True,3.3895689991501916,True,decoy,
C5W4D_016,nlrp3_7alv,42,9.0,1.0,0.230638757,5.34408522,4.301800878716093,True,0.5714285714285714,2.0,0.2857142857142857,0.2631578947368421,CONTACT:ALA227;CONTACT:ARG578;HBOND:ARG578;POLAR:ARG578;WALKER:ALA227,5.0,False,False,/workspace/URAT1_NLRP3_DualTarget_AIDD_Project/data/campaigns/c5/02_nlrp3_panel/decoys/seed42/C5W4D_016_out.sdf,3.223770463292947,True,6.168915869097259,False,6.257253550879976,False,7.535933850558932,False,9.505370587199637,False,5.627357283841144,False,3.1206161250624853,True,decoy,
C5W4D_017,nlrp3_7alv,42,9.0,1.0,0.2245242,5.45582724,3.5396473917381295,True,0.6333333333333333,4.0,0.5714285714285714,0.5263157894736842,AROMATIC:PHE575;CONTACT:ALA227;CONTACT:ALA228;CONTACT:ARG578;CONTACT:PHE575;HBOND:ARG578;HYDROPHOBIC:PHE575;POLAR:ARG578;WALKER:ALA227;WALKER:ALA228,10.0,False,False,/workspace/URAT1_NLRP3_DualTarget_AIDD_Project/data/campaigns/c5/02_nlrp3_panel/decoys/seed42/C5W4D_017_out.sdf,3.6215319962689954,True,3.769532331735582,True,4.89433815750404,False,6.817307973093196,False,7.852306476443721,False,3.630226714683256,True,3.2012942695103725,True,decoy,
C5W4D_018,nlrp3_7alv,42,9.0,1.0,0.766694129,7.08632803,2.8740164043953174,True,0.5714285714285714,5.0,0.7142857142857143,0.6842105263157895,AROMATIC:PHE575;AROMATIC:TYR443;CONTACT:ALA227;CONTACT:ALA228;CONTACT:ARG578;CONTACT:PHE575;CONTACT:TYR443;HBOND:ARG578;HYDROPHOBIC:PHE575;HYDROPHOBIC:TYR443;POLAR:ARG578;WALKER:ALA227;WALKER:ALA228,13.0,True,True,/workspace/URAT1_NLRP3_DualTarget_AIDD_Project/data/campaigns/c5/02_nlrp3_panel/decoys/seed42/C5W4D_018_out.sdf,4.056227804253592,True,3.750543427291566,True,7.241869510009139,False,5.768199892514128,False,3.4982712873646595,True,3.9265743339455574,True,2.8723464275745023,True,decoy,
C5W4D_019,nlrp3_7alv,42,9.0,1.0,0.551682949,6.92924166,2.195885525958502,True,0.8709677419354839,6.0,0.8571428571428571,0.7368421052631579,AROMATIC:PHE575;AROMATIC:TYR443;CONTACT:ALA227;CONTACT:ALA228;CONTACT:ARG578;CONTACT:MET408;CONTACT:PHE575;CONTACT:TYR443;HYDROPHOBIC:MET408;HYDROPHOBIC:PHE575;HYDROPHOBIC:TYR443;POLAR:ARG578;WALKER:ALA227;WALKER:ALA228,14.0,True,True,/workspace/URAT1_NLRP3_DualTarget_AIDD_Project/data/campaigns/c5/02_nlrp3_panel/decoys/seed42/C5W4D_019_out.sdf,3.7093986035474877,True,3.285213691679727,True,5.66333444182842,False,3.4513013487668696,True,4.215672306999207,True,3.5119363604712444,True,3.2942363303199778,True,decoy,
C5W4D_020,nlrp3_7alv,42,9.0,1.0,0.368290812,5.93951988,1.4108452365855115,True,0.875,5.0,0.7142857142857143,0.6842105263157895,AROMATIC:PHE575;AROMATIC:TYR443;CONTACT:ALA227;CONTACT:ALA228;CONTACT:ARG578;CONTACT:PHE575;CONTACT:TYR443;HBOND:ARG578;HYDROPHOBIC:PHE575;HYDROPHOBIC:TYR443;POLAR:ARG578;WALKER:ALA227;WALKER:ALA228,13.0,False,False,/workspace/URAT1_NLRP3_DualTarget_AIDD_Project/data/campaigns/c5/02_nlrp3_panel/decoys/seed42/C5W4D_020_out.sdf,3.7735165297107254,True,3.4154310123321068,True,6.8528567035945045,False,4.748648965758576,False,3.039392208978624,True,3.1020222436339853,True,2.797257406818333,True,decoy,
C5W4D_021,nlrp3_7alv,42,9.0,1.0,0.497311264,6.47509766,0.2866782415667989,True,1.0,6.0,0.8571428571428571,0.7894736842105263,AROMATIC:PHE575;AROMATIC:TYR443;CONTACT:ALA227;CONTACT:ALA228;CONTACT:ARG351;CONTACT:ARG578;CONTACT:PHE575;CONTACT:TYR443;HBOND:ALA228;HYDROPHOBIC:PHE575;HYDROPHOBIC:TYR443;POLAR:ARG351;POLAR:ARG578;WALKER:ALA227;WALKER:ALA228,15.0,False,False,/workspace/URAT1_NLRP3_DualTarget_AIDD_Project/data/campaigns/c5/02_nlrp3_panel/decoys/seed42/C5W4D_021_out.sdf,3.4660217829667532,True,2.893815128856713,True,3.9422496115796606,True,4.690995843101974,False,3.3260067648758627,True,3.204940249053011,True,3.5582762680826256,True,decoy,
C5W4D_022,,42,,,,,,,,,,,,,False,False,/workspace/URAT1_NLRP3_DualTarget_AIDD_Project/data/campaigns/c5/02_nlrp3_panel/decoys/seed42/C5W4D_022_out.sdf,,,,,,,,,,,,,,,decoy,empty_or_missing_sdf
C5W4D_023,nlrp3_7alv,42,9.0,1.0,0.420010448,6.87216949,0.5439998762376901,True,0.967741935483871,7.0,1.0,0.9473684210526315,AROMATIC:PHE575;AROMATIC:TYR443;CONTACT:ALA227;CONTACT:ALA228;CONTACT:ARG351;CONTACT:ARG578;CONTACT:MET408;CONTACT:PHE575;CONTACT:TYR443;HBOND:ARG351;HBOND:ARG578;HYDROPHOBIC:MET408;HYDROPHOBIC:PHE575;HYDROPHOBIC:TYR443;POLAR:ARG351;POLAR:ARG578;WALKER:ALA227;WALKER:ALA228,18.0,False,False,/workspace/URAT1_NLRP3_DualTarget_AIDD_Project/data/campaigns/c5/02_nlrp3_panel/decoys/seed42/C5W4D_023_out.sdf,3.7858477254110627,True,3.379568611524254,True,3.3435946225581854,True,3.2833900164311896,True,3.629202253939561,True,3.429636861243477,True,3.026029411621773,True,decoy,
C5W4D_024,nlrp3_7alv,42,9.0,1.0,0.465890735,6.04965401,1.3084360365366872,True,0.8125,6.0,0.8571428571428571,0.8,AROMATIC:PHE575;AROMATIC:TYR443;CONTACT:ALA227;CONTACT:ALA228;CONTACT:ARG578;CONTACT:MET408;CONTACT:PHE575;CONTACT:TYR443;HBOND:ALA228;HBOND:ARG578;HBOND:TYR443;HYDROPHOBIC:MET408;HYDROPHOBIC:PHE575;HYDROPHOBIC:TYR443;POLAR:ARG578;WALKER:ALA227;WALKER:ALA228,17.0,False,False,/workspace/URAT1_NLRP3_DualTarget_AIDD_Project/data/campaigns/c5/02_nlrp3_panel/decoys/seed42/C5W4D_024_out.sdf,4.08729604995774,True,2.9865205507412784,True,5.73537827871885,False,4.058178655505443,True,2.9249444439168415,True,3.5230141924210274,True,2.8314960709843855,True,decoy,
C5W4D_025,nlrp3_7alv,42,9.0,1.0,0.386726886,5.94764137,1.3320339760834348,True,0.8214285714285714,5.0,0.7142857142857143,0.6842105263157895,AROMATIC:PHE575;AROMATIC:TYR443;CONTACT:ALA227;CONTACT:ALA228;CONTACT:ARG578;CONTACT:PHE575;CONTACT:TYR443;HBOND:ARG578;HYDROPHOBIC:PHE575;HYDROPHOBIC:TYR443;POLAR:ARG578;WALKER:ALA227;WALKER:ALA228,13.0,False,False,/workspace/URAT1_NLRP3_DualTarget_AIDD_Project/data/campaigns/c5/02_nlrp3_panel/decoys/seed42/C5W4D_025_out.sdf,3.4490244997680226,True,3.209021813574959,True,5.973601426275444,False,5.96496990771957,False,3.5157986290457557,True,3.5615812499506414,True,3.20553365291959,True,decoy,
C5W4D_026,,42,,,,,,,,,,,,,False,False,/workspace/URAT1_NLRP3_DualTarget_AIDD_Project/data/campaigns/c5/02_nlrp3_panel/decoys/seed42/C5W4D_026_out.sdf,,,,,,,,,,,,,,,decoy,empty_or_missing_sdf
C5W4D_027,,42,,,,,,,,,,,,,False,False,/workspace/URAT1_NLRP3_DualTarget_AIDD_Project/data/campaigns/c5/02_nlrp3_panel/decoys/seed42/C5W4D_027_out.sdf,,,,,,,,,,,,,,,decoy,empty_or_missing_sdf
C5W4D_028,nlrp3_7alv,42,9.0,1.0,0.662302971,5.63192987,4.241121417784571,True,0.8148148148148148,4.0,0.5714285714285714,0.5789473684210527,AROMATIC:PHE575;CONTACT:ALA227;CONTACT:ARG351;CONTACT:ARG578;CONTACT:PHE575;HBOND:ARG351;HBOND:ARG578;HYDROPHOBIC:PHE575;POLAR:ARG351;POLAR:ARG578;WALKER:ALA227,11.0,True,False,/workspace/URAT1_NLRP3_DualTarget_AIDD_Project/data/campaigns/c5/02_nlrp3_panel/decoys/seed42/C5W4D_028_out.sdf,4.112482218806551,True,4.589466526732717,False,3.139623862821786,True,6.3354850643025005,False,9.83578136194578,False,4.391056478798694,True,3.2726215791013793,True,decoy,
C5W4D_029,,42,,,,,,,,,,,,,False,False,/workspace/URAT1_NLRP3_DualTarget_AIDD_Project/data/campaigns/c5/02_nlrp3_panel/decoys/seed42/C5W4D_029_out.sdf,,,,,,,,,,,,,,,decoy,empty_or_missing_sdf
C5W4D_030,nlrp3_7alv,42,9.0,1.0,0.326728821,5.82248735,1.7321561897049622,True,0.9032258064516129,5.0,0.7142857142857143,0.6842105263157895,AROMATIC:PHE575;AROMATIC:TYR443;CONTACT:ALA227;CONTACT:ALA228;CONTACT:ARG578;CONTACT:PHE575;CONTACT:TYR443;HBOND:ARG578;HYDROPHOBIC:PHE575;HYDROPHOBIC:TYR443;POLAR:ARG578;WALKER:ALA227;WALKER:ALA228,13.0,False,False,/workspace/URAT1_NLRP3_DualTarget_AIDD_Project/data/campaigns/c5/02_nlrp3_panel/decoys/seed42/C5W4D_030_out.sdf,3.964811344818319,True,4.3509102495914505,True,5.831125963311036,False,5.1881758836801195,False,3.453483748332983,True,3.4397281869357044,True,2.818422431077357,True,decoy,
C5W4D_031,nlrp3_7alv,42,9.0,1.0,0.27143684,6.12181664,2.4141307212400838,True,0.6774193548387096,5.0,0.7142857142857143,0.6842105263157895,AROMATIC:PHE575;AROMATIC:TYR443;CONTACT:ALA227;CONTACT:ALA228;CONTACT:ARG578;CONTACT:PHE575;CONTACT:TYR443;HBOND:ALA228;HYDROPHOBIC:PHE575;HYDROPHOBIC:TYR443;POLAR:ARG578;WALKER:ALA227;WALKER:ALA228,13.0,False,False,/workspace/URAT1_NLRP3_DualTarget_AIDD_Project/data/campaigns/c5/02_nlrp3_panel/decoys/seed42/C5W4D_031_out.sdf,3.3269003591932296,True,3.2107240616409216,True,5.853113615845845,False,5.125613524252493,False,3.0258056778319387,True,3.222751929640256,True,3.6252682659356457,True,decoy,
C5W4D_032,nlrp3_7alv,42,9.0,1.0,0.648836553,6.3715682,2.5302180277181354,True,0.5555555555555556,5.0,0.7142857142857143,0.65,AROMATIC:PHE575;AROMATIC:TYR443;CONTACT:ALA227;CONTACT:ALA228;CONTACT:ARG578;CONTACT:PHE575;CONTACT:TYR443;HBOND:ALA227;HBOND:ALA228;HYDROPHOBIC:PHE575;HYDROPHOBIC:TYR443;POLAR:ARG578;WALKER:ALA227;WALKER:ALA228,14.0,True,True,/workspace/URAT1_NLRP3_DualTarget_AIDD_Project/data/campaigns/c5/02_nlrp3_panel/decoys/seed42/C5W4D_032_out.sdf,3.1265402604156534,True,3.2874266531741645,True,6.669547960694188,False,4.731507476481468,False,3.5377344445280183,True,3.6402171638516374,True,3.6267332408105277,True,decoy,
C5W4D_033,nlrp3_7alv,42,9.0,1.0,0.335029304,5.89280272,0.9543115852725411,True,0.9259259259259259,6.0,0.8571428571428571,0.7894736842105263,AROMATIC:PHE575;AROMATIC:TYR443;CONTACT:ALA227;CONTACT:ALA228;CONTACT:ARG578;CONTACT:MET408;CONTACT:PHE575;CONTACT:TYR443;HBOND:ALA228;HYDROPHOBIC:MET408;HYDROPHOBIC:PHE575;HYDROPHOBIC:TYR443;POLAR:ARG578;WALKER:ALA227;WALKER:ALA228,15.0,False,False,/workspace/URAT1_NLRP3_DualTarget_AIDD_Project/data/campaigns/c5/02_nlrp3_panel/decoys/seed42/C5W4D_033_out.sdf,3.2721476128072253,True,2.9712598338078644,True,5.1316541192874645,False,3.5319697054193453,True,4.018430290548788,True,3.23403555948292,True,3.35510655568493,True,decoy,
C5W4D_034,nlrp3_7alv,42,9.0,1.0,0.338341415,6.77631187,1.6328590237025484,True,0.7666666666666667,6.0,0.8571428571428571,0.7894736842105263,AROMATIC:PHE575;AROMATIC:TYR443;CONTACT:ALA227;CONTACT:ALA228;CONTACT:ARG578;CONTACT:MET408;CONTACT:PHE575;CONTACT:TYR443;HBOND:ARG578;HYDROPHOBIC:MET408;HYDROPHOBIC:PHE575;HYDROPHOBIC:TYR443;POLAR:ARG578;WALKER:ALA227;WALKER:ALA228,15.0,False,False,/workspace/URAT1_NLRP3_DualTarget_AIDD_Project/data/campaigns/c5/02_nlrp3_panel/decoys/seed42/C5W4D_034_out.sdf,3.523216995871824,True,4.410509381012571,True,5.654809811125392,False,4.315623477552228,True,3.39979264073561,True,3.334580633303082,True,2.9165851607659286,True,decoy,
C5W4D_035,nlrp3_7alv,42,9.0,1.0,0.537759542,7.17403841,2.076532553094138,True,0.7058823529411765,6.0,0.8571428571428571,0.75,AROMATIC:PHE575;AROMATIC:TYR443;CONTACT:ALA227;CONTACT:ALA228;CONTACT:ARG578;CONTACT:MET408;CONTACT:PHE575;CONTACT:TYR443;HBOND:ARG578;HBOND:TYR443;HYDROPHOBIC:MET408;HYDROPHOBIC:PHE575;HYDROPHOBIC:TYR443;POLAR:ARG578;WALKER:ALA227;WALKER:ALA228,16.0,True,True,/workspace/URAT1_NLRP3_DualTarget_AIDD_Project/data/campaigns/c5/02_nlrp3_panel/decoys/seed42/C5W4D_035_out.sdf,3.408528274783713,True,3.069620497716282,True,6.516825223987522,False,4.433331929824339,True,3.0626207731287916,True,3.55988553186756,True,3.217297934602891,True,decoy,
C5W4D_036,nlrp3_7alv,42,9.0,1.0,0.661149383,6.64302111,1.9817728611039953,True,0.8275862068965517,5.0,0.7142857142857143,0.7,AROMATIC:PHE575;AROMATIC:TYR443;CLASH:ANY;CONTACT:ALA227;CONTACT:ALA228;CONTACT:ARG578;CONTACT:PHE575;CONTACT:TYR443;HBOND:ALA228;HBOND:ARG578;HYDROPHOBIC:PHE575;HYDROPHOBIC:TYR443;POLAR:ARG578;WALKER:ALA227;WALKER:ALA228,15.0,True,False,/workspace/URAT1_NLRP3_DualTarget_AIDD_Project/data/campaigns/c5/02_nlrp3_panel/decoys/seed42/C5W4D_036_out.sdf,3.23871363352798,True,2.108230063346972,True,4.832653308483859,False,5.411595882916605,False,3.3160949926080225,True,3.0069003974192414,True,2.76390249466222,True,decoy,
C5W4D_037,nlrp3_7alv,42,9.0,1.0,0.53164047,6.27893114,3.638584550551237,True,0.5517241379310345,4.0,0.5714285714285714,0.47368421052631576,AROMATIC:PHE575;CONTACT:ALA227;CONTACT:ALA228;CONTACT:ARG578;CONTACT:PHE575;HYDROPHOBIC:PHE575;POLAR:ARG578;WALKER:ALA227;WALKER:ALA228,9.0,True,False,/workspace/URAT1_NLRP3_DualTarget_AIDD_Project/data/campaigns/c5/02_nlrp3_panel/decoys/seed42/C5W4D_037_out.sdf,3.5813859049256456,True,3.4342421289128557,True,6.458200136260877,False,5.449449329978217,False,5.133539714466034,False,3.735506391374539,True,3.633410106222535,True,decoy,
C5W4D_038,nlrp3_7alv,42,9.0,1.0,0.210925668,5.79548788,2.533200279760527,True,0.8,5.0,0.7142857142857143,0.6842105263157895,AROMATIC:PHE575;AROMATIC:TYR443;CONTACT:ALA227;CONTACT:ALA228;CONTACT:ARG578;CONTACT:PHE575;CONTACT:TYR443;HBOND:ARG578;HYDROPHOBIC:PHE575;HYDROPHOBIC:TYR443;POLAR:ARG578;WALKER:ALA227;WALKER:ALA228,13.0,False,False,/workspace/URAT1_NLRP3_DualTarget_AIDD_Project/data/campaigns/c5/02_nlrp3_panel/decoys/seed42/C5W4D_038_out.sdf,3.7493691469365973,True,3.521936541165947,True,5.757759720585775,False,5.391631849449665,False,3.4064731027853323,True,3.5078313813523025,True,2.858203806589028,True,decoy,
C5W4D_039,nlrp3_7alv,42,9.0,1.0,0.551986158,6.29071569,4.4348179190521515,True,0.3870967741935484,4.0,0.5714285714285714,0.47368421052631576,AROMATIC:PHE575;CONTACT:ALA227;CONTACT:ALA228;CONTACT:ARG578;CONTACT:PHE575;HYDROPHOBIC:PHE575;POLAR:ARG578;WALKER:ALA227;WALKER:ALA228,9.0,True,False,/workspace/URAT1_NLRP3_DualTarget_AIDD_Project/data/campaigns/c5/02_nlrp3_panel/decoys/seed42/C5W4D_039_out.sdf,3.2598691691538844,True,3.272530977699051,True,5.959932466060331,False,5.415217354825196,False,5.120714403283977,False,3.7009350169923327,True,3.7728530318579825,True,decoy,
C5W4D_040,nlrp3_7alv,42,9.0,1.0,0.519956827,6.37649488,1.6712971309600817,True,0.7857142857142857,6.0,0.8571428571428571,0.8421052631578947,AROMATIC:PHE575;CONTACT:ALA227;CONTACT:ALA228;CONTACT:ARG351;CONTACT:ARG578;CONTACT:MET408;CONTACT:PHE575;HBOND:ALA228;HBOND:ARG351;HBOND:ARG578;HYDROPHOBIC:MET408;HYDROPHOBIC:PHE575;POLAR:ARG351;POLAR:ARG578;WALKER:ALA227;WALKER:ALA228,16.0,True,True,/workspace/URAT1_NLRP3_DualTarget_AIDD_Project/data/campaigns/c5/02_nlrp3_panel/decoys/seed42/C5W4D_040_out.sdf,3.3573855900089904,True,2.994208743558137,True,3.061812045178476,True,4.387035673435993,True,6.127836567663987,False,3.066004240049251,True,3.0424218971076313,True,decoy,
REP_01181,nlrp3_7alv,42,9.0,1.0,0.915901303,6.84720612,0.8789420800807201,True,0.9642857142857143,7.0,1.0,1.0,AROMATIC:PHE575;AROMATIC:TYR443;CONTACT:ALA227;CONTACT:ALA228;CONTACT:ARG351;CONTACT:ARG578;CONTACT:MET408;CONTACT:PHE575;CONTACT:TYR443;HBOND:ALA228;HBOND:ARG351;HBOND:ARG578;HYDROPHOBIC:MET408;HYDROPHOBIC:PHE575;HYDROPHOBIC:TYR443;POLAR:ARG351;POLAR:ARG578;WALKER:ALA227;WALKER:ALA228,19.0,True,True,/workspace/URAT1_NLRP3_DualTarget_AIDD_Project/data/campaigns/c1/07_clinical_dock/acid_dual/nlrp3_7alv/seed42/REP_01181_out.sdf,3.0410369941847186,True,3.002821006986591,True,3.3698488096649117,True,4.373159384243842,True,3.1155161691122726,True,3.298130682674655,True,2.586146747576406,True,clinical_acid_background,
REP_03306,nlrp3_7alv,42,9.0,1.0,0.644685984,7.2875309,1.5399733898239962,True,0.8181818181818182,6.0,0.8571428571428571,0.8947368421052632,AROMATIC:PHE575;AROMATIC:TYR443;CONTACT:ALA227;CONTACT:ALA228;CONTACT:ARG351;CONTACT:ARG578;CONTACT:PHE575;CONTACT:TYR443;HBOND:ALA228;HBOND:ARG351;HBOND:ARG578;HYDROPHOBIC:PHE575;HYDROPHOBIC:TYR443;POLAR:ARG351;POLAR:ARG578;WALKER:ALA227;WALKER:ALA228,17.0,True,True,/workspace/URAT1_NLRP3_DualTarget_AIDD_Project/data/campaigns/c1/07_clinical_dock/acid_dual/nlrp3_7alv/seed42/REP_03306_out.sdf,3.204790320754236,True,3.108262215450929,True,2.935822882941002,True,5.3620662062305815,False,3.4956687486087703,True,3.2355596115664413,True,2.887429825987118,True,clinical_acid_background,
REP_01346,nlrp3_7alv,42,9.0,1.0,0.340360582,6.22959948,3.287501292915938,True,0.8333333333333334,4.0,0.5714285714285714,0.5263157894736842,AROMATIC:PHE575;CONTACT:ALA227;CONTACT:ALA228;CONTACT:ARG578;CONTACT:PHE575;HBOND:ARG578;HYDROPHOBIC:PHE575;POLAR:ARG578;WALKER:ALA227;WALKER:ALA228,10.0,False,False,/workspace/URAT1_NLRP3_DualTarget_AIDD_Project/data/campaigns/c1/07_clinical_dock/acid_dual/nlrp3_7alv/seed42/REP_01346_out.sdf,2.61933770255003,True,4.08649287286787,True,4.974578072560534,False,5.141416439075911,False,6.187116533571998,False,2.3809903401736014,True,3.334003299338509,True,clinical_acid_background,
REP_07910,nlrp3_7alv,42,9.0,1.0,0.818975151,6.91371489,2.389755812927784,True,0.6551724137931034,6.0,0.8571428571428571,0.75,AROMATIC:PHE575;AROMATIC:TYR443;CONTACT:ALA227;CONTACT:ALA228;CONTACT:ARG578;CONTACT:MET408;CONTACT:PHE575;CONTACT:TYR443;HBOND:ALA227;HBOND:ARG578;HYDROPHOBIC:MET408;HYDROPHOBIC:PHE575;HYDROPHOBIC:TYR443;POLAR:ARG578;WALKER:ALA227;WALKER:ALA228,16.0,True,True,/workspace/URAT1_NLRP3_DualTarget_AIDD_Project/data/campaigns/c1/07_clinical_dock/acid_dual/nlrp3_7alv/seed42/REP_07910_out.sdf,3.0821035024800794,True,3.8481534532811925,True,6.477757250777468,False,3.753513287574723,True,3.3460337714972264,True,3.89779424803311,True,3.1385968202367165,True,clinical_acid_background,
REP_01494,nlrp3_7alv,42,9.0,1.0,0.276867241,5.56399155,1.7505550077678371,True,0.9285714285714286,6.0,0.8571428571428571,0.75,AROMATIC:PHE575;AROMATIC:TYR443;CONTACT:ALA227;CONTACT:ALA228;CONTACT:ARG578;CONTACT:MET408;CONTACT:PHE575;CONTACT:TYR443;HBOND:ALA228;HBOND:TYR443;HYDROPHOBIC:MET408;HYDROPHOBIC:PHE575;HYDROPHOBIC:TYR443;POLAR:ARG578;WALKER:ALA227;WALKER:ALA228,16.0,False,False,/workspace/URAT1_NLRP3_DualTarget_AIDD_Project/data/campaigns/c1/07_clinical_dock/acid_dual/nlrp3_7alv/seed42/REP_01494_out.sdf,2.9687642210185756,True,2.7121170697445898,True,4.826121942098026,False,3.364911291549898,True,3.062305993854951,True,3.2911124259131572,True,3.4025646209881177,True,clinical_acid_background,
REP_01131,nlrp3_7alv,42,9.0,1.0,0.568535566,5.75300837,6.041245094658028,False,0.6153846153846154,5.0,0.7142857142857143,0.6842105263157895,AROMATIC:PHE575;CONTACT:ALA227;CONTACT:ALA228;CONTACT:ARG351;CONTACT:ARG578;CONTACT:PHE575;HBOND:ALA228;HBOND:ARG351;HYDROPHOBIC:PHE575;POLAR:ARG351;POLAR:ARG578;WALKER:ALA227;WALKER:ALA228,13.0,False,False,/workspace/URAT1_NLRP3_DualTarget_AIDD_Project/data/campaigns/c1/07_clinical_dock/acid_dual/nlrp3_7alv/seed42/REP_01131_out.sdf,3.4830149296263495,True,2.853056080766736,True,3.0569115132761073,True,11.350751384820306,False,9.58200965351215,False,3.410791843546008,True,3.7309350034542277,True,clinical_acid_background,
REP_01178,nlrp3_7alv,42,9.0,1.0,0.688225806,6.69010925,2.3947396942417734,True,0.7096774193548387,6.0,0.8571428571428571,0.75,AROMATIC:PHE575;AROMATIC:TYR443;CONTACT:ALA227;CONTACT:ALA228;CONTACT:ARG578;CONTACT:MET408;CONTACT:PHE575;CONTACT:TYR443;HBOND:ALA228;HBOND:TYR443;HYDROPHOBIC:MET408;HYDROPHOBIC:PHE575;HYDROPHOBIC:TYR443;POLAR:ARG578;WALKER:ALA227;WALKER:ALA228,16.0,True,True,/workspace/URAT1_NLRP3_DualTarget_AIDD_Project/data/campaigns/c1/07_clinical_dock/acid_dual/nlrp3_7alv/seed42/REP_01178_out.sdf,3.3991070886337247,True,3.0287842445443323,True,6.024371004511593,False,3.9696525036834136,True,2.8226882576721093,True,3.5266591839870203,True,3.4607179890883906,True,clinical_acid_background,
REP_00476,nlrp3_7alv,42,9.0,1.0,0.394173265,5.48952055,4.642471956749276,True,0.7931034482758621,5.0,0.7142857142857143,0.6842105263157895,AROMATIC:PHE575;CONTACT:ALA227;CONTACT:ALA228;CONTACT:ARG351;CONTACT:ARG578;CONTACT:PHE575;HBOND:ALA228;HBOND:ARG578;HYDROPHOBIC:PHE575;POLAR:ARG351;POLAR:ARG578;WALKER:ALA227;WALKER:ALA228,13.0,False,False,/workspace/URAT1_NLRP3_DualTarget_AIDD_Project/data/campaigns/c1/07_clinical_dock/acid_dual/nlrp3_7alv/seed42/REP_00476_out.sdf,3.2328688497988947,True,3.3630468328585654,True,4.385171490375258,True,6.358699238051757,False,8.148736650548967,False,3.983465074529957,True,2.9965123059984236,True,clinical_acid_background,
REP_00077,nlrp3_7alv,42,9.0,1.0,0.589485168,6.1130538,0.9359670363958013,True,1.0,7.0,1.0,0.9473684210526315,AROMATIC:PHE575;AROMATIC:TYR443;CONTACT:ALA227;CONTACT:ALA228;CONTACT:ARG351;CONTACT:ARG578;CONTACT:MET408;CONTACT:PHE575;CONTACT:TYR443;HBOND:ALA228;HBOND:ARG351;HYDROPHOBIC:MET408;HYDROPHOBIC:PHE575;HYDROPHOBIC:TYR443;POLAR:ARG351;POLAR:ARG578;WALKER:ALA227;WALKER:ALA228,18.0,True,True,/workspace/URAT1_NLRP3_DualTarget_AIDD_Project/data/campaigns/c1/07_clinical_dock/acid_dual/nlrp3_7alv/seed42/REP_00077_out.sdf,3.2237749611286426,True,3.0785256211375067,True,2.8598206237454833,True,4.484485812219726,True,3.4138579349469094,True,3.3116115412288267,True,3.043943987658123,True,clinical_acid_background,
REP_07338,nlrp3_7alv,42,9.0,1.0,0.606778383,5.86193419,4.847305414880085,True,0.7407407407407407,5.0,0.7142857142857143,0.7368421052631579,AROMATIC:PHE575;CONTACT:ALA227;CONTACT:ALA228;CONTACT:ARG351;CONTACT:ARG578;CONTACT:PHE575;HBOND:ALA228;HBOND:ARG351;HBOND:ARG578;HYDROPHOBIC:PHE575;POLAR:ARG351;POLAR:ARG578;WALKER:ALA227;WALKER:ALA228,14.0,True,True,/workspace/URAT1_NLRP3_DualTarget_AIDD_Project/data/campaigns/c1/07_clinical_dock/acid_dual/nlrp3_7alv/seed42/REP_07338_out.sdf,3.4329832507601825,True,2.800504775928804,True,3.1419460530060066,True,8.427046457686114,False,9.44846447842188,False,3.585109342823449,True,3.2186116572211656,True,clinical_acid_background,
REP_07000,nlrp3_7alv,42,9.0,1.0,0.315677226,6.52843857,1.129813734993747,True,0.8,6.0,0.8571428571428571,0.75,AROMATIC:PHE575;AROMATIC:TYR443;CONTACT:ALA227;CONTACT:ALA228;CONTACT:ARG578;CONTACT:MET408;CONTACT:PHE575;CONTACT:TYR443;HBOND:ALA228;HBOND:TYR443;HYDROPHOBIC:MET408;HYDROPHOBIC:PHE575;HYDROPHOBIC:TYR443;POLAR:ARG578;WALKER:ALA227;WALKER:ALA228,16.0,False,False,/workspace/URAT1_NLRP3_DualTarget_AIDD_Project/data/campaigns/c1/07_clinical_dock/acid_dual/nlrp3_7alv/seed42/REP_07000_out.sdf,3.367660760824942,True,2.757909534411879,True,6.154069060385981,False,3.652366356213462,True,3.0384130726417022,True,3.4490027544204755,True,3.6858783213774244,True,clinical_acid_background,
REP_06427,nlrp3_7alv,42,9.0,1.0,0.558195829,7.18639612,2.3283251925988084,True,0.6578947368421053,6.0,0.8571428571428571,0.7894736842105263,AROMATIC:PHE575;AROMATIC:TYR443;CONTACT:ALA227;CONTACT:ALA228;CONTACT:ARG578;CONTACT:MET408;CONTACT:PHE575;CONTACT:TYR443;HBOND:ARG578;HYDROPHOBIC:MET408;HYDROPHOBIC:PHE575;HYDROPHOBIC:TYR443;POLAR:ARG578;WALKER:ALA227;WALKER:ALA228,15.0,True,True,/workspace/URAT1_NLRP3_DualTarget_AIDD_Project/data/campaigns/c1/07_clinical_dock/acid_dual/nlrp3_7alv/seed42/REP_06427_out.sdf,3.2725337278628674,True,3.404968281790584,True,5.848869463409145,False,3.5434586211779013,True,3.4270180915775743,True,3.325355620080355,True,3.3161845545747366,True,clinical_acid_background,
REP_07073,nlrp3_7alv,42,9.0,1.0,0.449347854,6.59058237,1.9938438367326297,True,0.8529411764705882,5.0,0.7142857142857143,0.7368421052631579,AROMATIC:PHE575;CONTACT:ALA227;CONTACT:ALA228;CONTACT:ARG351;CONTACT:ARG578;CONTACT:PHE575;HBOND:ALA228;HBOND:ARG351;HBOND:ARG578;HYDROPHOBIC:PHE575;POLAR:ARG351;POLAR:ARG578;WALKER:ALA227;WALKER:ALA228,14.0,False,False,/workspace/URAT1_NLRP3_DualTarget_AIDD_Project/data/campaigns/c1/07_clinical_dock/acid_dual/nlrp3_7alv/seed42/REP_07073_out.sdf,3.33072559662306,True,3.0530735333430856,True,3.3000643933111324,True,5.683755184734828,False,4.9367987603304195,False,3.260674316763326,True,3.05338402432448,True,clinical_acid_background,
REP_08014,nlrp3_7alv,42,9.0,1.0,0.519792855,7.13025331,2.375425058168161,True,0.75,5.0,0.7142857142857143,0.631578947368421,AROMATIC:PHE575;AROMATIC:TYR443;CONTACT:ALA227;CONTACT:ALA228;CONTACT:ARG578;CONTACT:PHE575;CONTACT:TYR443;HYDROPHOBIC:PHE575;HYDROPHOBIC:TYR443;POLAR:ARG578;WALKER:ALA227;WALKER:ALA228,12.0,True,True,/workspace/URAT1_NLRP3_DualTarget_AIDD_Project/data/campaigns/c1/07_clinical_dock/acid_dual/nlrp3_7alv/seed42/REP_08014_out.sdf,3.425928925123818,True,3.2519243533637003,True,6.527177720883667,False,4.524578543908814,False,3.4316472720837723,True,3.9407239182667975,True,3.0453134485632183,True,clinical_acid_background,
REP_07837,nlrp3_7alv,42,9.0,1.0,0.27084583,6.48081541,1.9468085237805755,True,0.7714285714285715,6.0,0.8571428571428571,0.7894736842105263,AROMATIC:PHE575;AROMATIC:TYR443;CONTACT:ALA227;CONTACT:ALA228;CONTACT:ARG578;CONTACT:MET408;CONTACT:PHE575;CONTACT:TYR443;HBOND:ALA228;HYDROPHOBIC:MET408;HYDROPHOBIC:PHE575;HYDROPHOBIC:TYR443;POLAR:ARG578;WALKER:ALA227;WALKER:ALA228,15.0,False,False,/workspace/URAT1_NLRP3_DualTarget_AIDD_Project/data/campaigns/c1/07_clinical_dock/acid_dual/nlrp3_7alv/seed42/REP_07837_out.sdf,3.890325564782477,True,3.4056726207901806,True,6.004257322933454,False,3.1182818987384757,True,3.565107572009576,True,3.5553915396198015,True,3.498699901391942,True,clinical_acid_background,
REP_06524,nlrp3_7alv,42,9.0,1.0,0.678085148,6.61098862,1.0472390821025515,True,0.96,6.0,0.8571428571428571,0.7894736842105263,AROMATIC:PHE575;AROMATIC:TYR443;CONTACT:ALA227;CONTACT:ALA228;CONTACT:ARG351;CONTACT:ARG578;CONTACT:PHE575;CONTACT:TYR443;HBOND:ALA228;HYDROPHOBIC:PHE575;HYDROPHOBIC:TYR443;POLAR:ARG351;POLAR:ARG578;WALKER:ALA227;WALKER:ALA228,15.0,True,True,/workspace/URAT1_NLRP3_DualTarget_AIDD_Project/data/campaigns/c1/07_clinical_dock/acid_dual/nlrp3_7alv/seed42/REP_06524_out.sdf,3.364524780708275,True,2.9066568424910475,True,3.7916554432068352,True,4.987298767870241,False,3.6540346194309667,True,3.0112328040189773,True,3.3589559389786556,True,clinical_acid_background,
REP_07055,nlrp3_7alv,42,9.0,1.0,0.543581307,7.03746653,0.6134649550326443,True,0.96875,7.0,1.0,0.9473684210526315,AROMATIC:PHE575;AROMATIC:TYR443;CONTACT:ALA227;CONTACT:ALA228;CONTACT:ARG351;CONTACT:ARG578;CONTACT:MET408;CONTACT:PHE575;CONTACT:TYR443;HBOND:ALA228;HBOND:ARG578;HYDROPHOBIC:MET408;HYDROPHOBIC:PHE575;HYDROPHOBIC:TYR443;POLAR:ARG351;POLAR:ARG578;WALKER:ALA227;WALKER:ALA228,18.0,True,True,/workspace/URAT1_NLRP3_DualTarget_AIDD_Project/data/campaigns/c1/07_clinical_dock/acid_dual/nlrp3_7alv/seed42/REP_07055_out.sdf,2.9840283175600177,True,3.020401960004662,True,4.033625416421312,True,3.7662583554504043,True,3.485009899555525,True,3.3157524033015475,True,2.851275854770984,True,clinical_acid_background,
REP_07300,nlrp3_7alv,42,9.0,1.0,0.791519821,6.86808014,1.1077203605749322,True,0.8648648648648649,6.0,0.8571428571428571,0.8947368421052632,AROMATIC:PHE575;AROMATIC:TYR443;CONTACT:ALA227;CONTACT:ALA228;CONTACT:ARG351;CONTACT:ARG578;CONTACT:PHE575;CONTACT:TYR443;HBOND:ALA228;HBOND:ARG351;HBOND:ARG578;HYDROPHOBIC:PHE575;HYDROPHOBIC:TYR443;POLAR:ARG351;POLAR:ARG578;WALKER:ALA227;WALKER:ALA228,17.0,True,True,/workspace/URAT1_NLRP3_DualTarget_AIDD_Project/data/campaigns/c1/07_clinical_dock/acid_dual/nlrp3_7alv/seed42/REP_07300_out.sdf,3.2894675860996143,True,3.04100131535651,True,3.072865275276484,True,4.6434066158371285,False,3.8516996248409603,True,3.0396739956778274,True,2.95211957752392,True,clinical_acid_background,
REP_00992,nlrp3_7alv,42,9.0,1.0,0.933082283,7.05069494,0.1292009744370389,True,0.9655172413793104,6.0,0.8571428571428571,0.8421052631578947,AROMATIC:PHE575;AROMATIC:TYR443;CONTACT:ALA227;CONTACT:ALA228;CONTACT:ARG351;CONTACT:ARG578;CONTACT:PHE575;CONTACT:TYR443;HBOND:ALA228;HBOND:ARG351;HYDROPHOBIC:PHE575;HYDROPHOBIC:TYR443;POLAR:ARG351;POLAR:ARG578;WALKER:ALA227;WALKER:ALA228,16.0,True,True,/workspace/URAT1_NLRP3_DualTarget_AIDD_Project/data/campaigns/c1/07_clinical_dock/acid_dual/nlrp3_7alv/seed42/REP_00992_out.sdf,3.4832899678321434,True,2.9683444880943437,True,3.1816112270357624,True,5.033271500723959,False,3.031726405861841,True,3.4603677550225713,True,3.6113688540496596,True,clinical_acid_background,
REP_02001,nlrp3_7alv,42,9.0,1.0,0.234632626,5.72127914,3.3984031361811295,True,0.6571428571428571,4.0,0.5714285714285714,0.47368421052631576,AROMATIC:TYR443;CONTACT:ALA227;CONTACT:ALA228;CONTACT:ARG578;CONTACT:TYR443;HYDROPHOBIC:TYR443;POLAR:ARG578;WALKER:ALA227;WALKER:ALA228,9.0,False,False,/workspace/URAT1_NLRP3_DualTarget_AIDD_Project/data/campaigns/c1/07_clinical_dock/acid_dual/nlrp3_7alv/seed42/REP_02001_out.sdf,4.095713613034989,True,3.421368439674384,True,6.929332579693371,False,4.990084668620362,False,3.246369202663185,True,4.901145274321098,False,3.3370422532536166,True,clinical_acid_background,
NP3-146,nlrp3_7alv,43,9.0,1.0,0.965586543,7.41119528,0.3958261112468781,True,1.0,7.0,1.0,1.0,AROMATIC:PHE575;AROMATIC:TYR443;CONTACT:ALA227;CONTACT:ALA228;CONTACT:ARG351;CONTACT:ARG578;CONTACT:MET408;CONTACT:PHE575;CONTACT:TYR443;HBOND:ALA228;HBOND:ARG351;HBOND:ARG578;HYDROPHOBIC:MET408;HYDROPHOBIC:PHE575;HYDROPHOBIC:TYR443;POLAR:ARG351;POLAR:ARG578;WALKER:ALA227;WALKER:ALA228,19.0,True,True,/workspace/URAT1_NLRP3_DualTarget_AIDD_Project/data/campaigns/c5/02_nlrp3_panel/positives/seed43/NP3-146_out.sdf,3.224420568102128,True,3.0421244221760655,True,2.660966177913577,True,3.500700072842573,True,4.4843368517541125,True,3.260963967908877,True,2.7957955933866137,True,positive,
MCC950,nlrp3_7alv,43,9.0,1.0,0.955876172,7.06666899,0.4077050217866265,True,1.0,6.0,0.8571428571428571,0.8947368421052632,AROMATIC:PHE575;AROMATIC:TYR443;CONTACT:ALA227;CONTACT:ALA228;CONTACT:ARG351;CONTACT:ARG578;CONTACT:PHE575;CONTACT:TYR443;HBOND:ALA228;HBOND:ARG351;HBOND:ARG578;HYDROPHOBIC:PHE575;HYDROPHOBIC:TYR443;POLAR:ARG351;POLAR:ARG578;WALKER:ALA227;WALKER:ALA228,17.0,True,True,/workspace/URAT1_NLRP3_DualTarget_AIDD_Project/data/campaigns/c5/02_nlrp3_panel/positives/seed43/MCC950_out.sdf,3.242158077577348,True,3.1875718031128373,True,2.8832500758692396,True,5.048990493158013,False,3.4120142145073165,True,3.476613438390867,True,3.0305030935473383,True,positive,
CHEMBL4204644,nlrp3_7alv,43,9.0,1.0,0.873564065,6.84590292,1.0718325357422613,True,1.0,5.0,0.7142857142857143,0.7368421052631579,AROMATIC:PHE575;CONTACT:ALA227;CONTACT:ALA228;CONTACT:ARG351;CONTACT:ARG578;CONTACT:PHE575;HBOND:ALA228;HBOND:ARG351;HBOND:ARG578;HYDROPHOBIC:PHE575;POLAR:ARG351;POLAR:ARG578;WALKER:ALA227;WALKER:ALA228,14.0,True,True,/workspace/URAT1_NLRP3_DualTarget_AIDD_Project/data/campaigns/c5/02_nlrp3_panel/positives/seed43/CHEMBL4204644_out.sdf,3.059604713030766,True,3.395000736376943,True,2.8722442444889693,True,5.022772740230239,False,5.33098761956919,False,3.4331784107441914,True,2.760614967720051,True,positive,
CHEMBL5219789,nlrp3_7alv,43,9.0,1.0,0.902733088,7.21052694,0.24833901317165974,True,1.0,6.0,0.8571428571428571,0.8421052631578947,AROMATIC:PHE575;AROMATIC:TYR443;CONTACT:ALA227;CONTACT:ALA228;CONTACT:ARG351;CONTACT:ARG578;CONTACT:PHE575;CONTACT:TYR443;HBOND:ARG351;HBOND:ARG578;HYDROPHOBIC:PHE575;HYDROPHOBIC:TYR443;POLAR:ARG351;POLAR:ARG578;WALKER:ALA227;WALKER:ALA228,16.0,True,True,/workspace/URAT1_NLRP3_DualTarget_AIDD_Project/data/campaigns/c5/02_nlrp3_panel/positives/seed43/CHEMBL5219789_out.sdf,3.235686944066141,True,3.218532740240477,True,3.070735091146741,True,4.822725888955334,False,3.4606139628684356,True,3.45674557929855,True,2.804257655779866,True,positive,
CHEMBL4212407,nlrp3_7alv,43,9.0,1.0,0.949610591,7.02953291,0.34013057194597784,True,1.0,6.0,0.8571428571428571,0.8947368421052632,AROMATIC:PHE575;AROMATIC:TYR443;CONTACT:ALA227;CONTACT:ALA228;CONTACT:ARG351;CONTACT:ARG578;CONTACT:PHE575;CONTACT:TYR443;HBOND:ALA228;HBOND:ARG351;HBOND:ARG578;HYDROPHOBIC:PHE575;HYDROPHOBIC:TYR443;POLAR:ARG351;POLAR:ARG578;WALKER:ALA227;WALKER:ALA228,17.0,True,True,/workspace/URAT1_NLRP3_DualTarget_AIDD_Project/data/campaigns/c5/02_nlrp3_panel/positives/seed43/CHEMBL4212407_out.sdf,3.1800668231972806,True,3.108337658620757,True,2.78234649172241,True,4.848349925490116,False,3.4020749550825578,True,3.349740437705584,True,2.8284492217467836,True,positive,
CHEMBL6143743,nlrp3_7alv,43,9.0,1.0,0.953215241,7.10112143,1.2287018228157516,True,0.9117647058823529,6.0,0.8571428571428571,0.8947368421052632,AROMATIC:PHE575;AROMATIC:TYR443;CONTACT:ALA227;CONTACT:ALA228;CONTACT:ARG351;CONTACT:ARG578;CONTACT:PHE575;CONTACT:TYR443;HBOND:ALA228;HBOND:ARG351;HBOND:ARG578;HYDROPHOBIC:PHE575;HYDROPHOBIC:TYR443;POLAR:ARG351;POLAR:ARG578;WALKER:ALA227;WALKER:ALA228,17.0,True,True,/workspace/URAT1_NLRP3_DualTarget_AIDD_Project/data/campaigns/c5/02_nlrp3_panel/positives/seed43/CHEMBL6143743_out.sdf,3.2187109220928862,True,3.2708226793881763,True,2.8914842209495175,True,4.955226836381962,False,4.451529512426031,True,3.2746489888230705,True,2.851696687938602,True,positive,
CHEMBL4209503,nlrp3_7alv,43,9.0,1.0,0.919597983,6.99148035,0.42439471342447377,True,1.0,6.0,0.8571428571428571,0.8947368421052632,AROMATIC:PHE575;AROMATIC:TYR443;CONTACT:ALA227;CONTACT:ALA228;CONTACT:ARG351;CONTACT:ARG578;CONTACT:PHE575;CONTACT:TYR443;HBOND:ALA228;HBOND:ARG351;HBOND:ARG578;HYDROPHOBIC:PHE575;HYDROPHOBIC:TYR443;POLAR:ARG351;POLAR:ARG578;WALKER:ALA227;WALKER:ALA228,17.0,True,True,/workspace/URAT1_NLRP3_DualTarget_AIDD_Project/data/campaigns/c5/02_nlrp3_panel/positives/seed43/CHEMBL4209503_out.sdf,3.2684889475107655,True,3.2561604690186945,True,2.9594710676065077,True,4.9340152006251445,False,3.4463444401278243,True,3.2490720213624136,True,2.9508285277189485,True,positive,
CHEMBL4216836,nlrp3_7alv,43,9.0,1.0,0.945083141,7.02919054,0.36751528333952477,True,1.0,6.0,0.8571428571428571,0.8947368421052632,AROMATIC:PHE575;AROMATIC:TYR443;CONTACT:ALA227;CONTACT:ALA228;CONTACT:ARG351;CONTACT:ARG578;CONTACT:PHE575;CONTACT:TYR443;HBOND:ALA228;HBOND:ARG351;HBOND:ARG578;HYDROPHOBIC:PHE575;HYDROPHOBIC:TYR443;POLAR:ARG351;POLAR:ARG578;WALKER:ALA227;WALKER:ALA228,17.0,True,True,/workspace/URAT1_NLRP3_DualTarget_AIDD_Project/data/campaigns/c5/02_nlrp3_panel/positives/seed43/CHEMBL4216836_out.sdf,3.2064018774944625,True,3.090285747305574,True,2.861853595137249,True,4.845246536555183,False,3.475561825086699,True,3.28764033920987,True,2.8689524220523426,True,positive,
CHEMBL6171925,nlrp3_7alv,43,9.0,1.0,0.972295463,7.40812302,0.6229453646776728,True,0.9696969696969697,6.0,0.8571428571428571,0.8947368421052632,AROMATIC:PHE575;AROMATIC:TYR443;CONTACT:ALA227;CONTACT:ALA228;CONTACT:ARG351;CONTACT:ARG578;CONTACT:PHE575;CONTACT:TYR443;HBOND:ALA228;HBOND:ARG351;HBOND:ARG578;HYDROPHOBIC:PHE575;HYDROPHOBIC:TYR443;POLAR:ARG351;POLAR:ARG578;WALKER:ALA227;WALKER:ALA228,17.0,True,True,/workspace/URAT1_NLRP3_DualTarget_AIDD_Project/data/campaigns/c5/02_nlrp3_panel/positives/seed43/CHEMBL6171925_out.sdf,3.229069370577231,True,3.2194518166917843,True,2.9238681570823295,True,5.088853407202847,False,3.7000077026946827,True,3.15650075241556,True,2.98347314383757,True,positive,
C5W4D_001,nlrp3_7alv,43,9.0,1.0,0.525108516,6.51426458,2.3686712968993024,True,0.5925925925925926,5.0,0.7142857142857143,0.7368421052631579,AROMATIC:PHE575;AROMATIC:TYR443;CONTACT:ALA227;CONTACT:ALA228;CONTACT:ARG578;CONTACT:PHE575;CONTACT:TYR443;HBOND:ALA228;HBOND:ARG578;HYDROPHOBIC:PHE575;HYDROPHOBIC:TYR443;POLAR:ARG578;WALKER:ALA227;WALKER:ALA228,14.0,True,True,/workspace/URAT1_NLRP3_DualTarget_AIDD_Project/data/campaigns/c5/02_nlrp3_panel/decoys/seed43/C5W4D_001_out.sdf,3.301838427300774,True,2.801258645680535,True,5.186721989850623,False,5.040971533345535,False,3.580286161747411,True,3.507809145321335,True,3.050190321930748,True,decoy,
C5W4D_002,,43,,,,,,,,,,,,,False,False,/workspace/URAT1_NLRP3_DualTarget_AIDD_Project/data/campaigns/c5/02_nlrp3_panel/decoys/seed43/C5W4D_002_out.sdf,,,,,,,,,,,,,,,decoy,empty_or_missing_sdf
C5W4D_003,nlrp3_7alv,43,9.0,1.0,0.362446666,6.42921209,1.7923134240763534,True,0.8928571428571429,5.0,0.7142857142857143,0.6842105263157895,AROMATIC:PHE575;AROMATIC:TYR443;CONTACT:ALA227;CONTACT:ALA228;CONTACT:ARG578;CONTACT:PHE575;CONTACT:TYR443;HBOND:ARG578;HYDROPHOBIC:PHE575;HYDROPHOBIC:TYR443;POLAR:ARG578;WALKER:ALA227;WALKER:ALA228,13.0,False,False,/workspace/URAT1_NLRP3_DualTarget_AIDD_Project/data/campaigns/c5/02_nlrp3_panel/decoys/seed43/C5W4D_003_out.sdf,3.695812359955538,True,3.0009061964679864,True,5.7371786620254355,False,4.959452086672482,False,3.438294635426113,True,3.1532624375398948,True,2.831949152085892,True,decoy,
C5W4D_004,nlrp3_7alv,43,9.0,1.0,0.389346868,6.85355139,1.4298212414151268,True,0.7931034482758621,7.0,1.0,0.9473684210526315,AROMATIC:PHE575;AROMATIC:TYR443;CONTACT:ALA227;CONTACT:ALA228;CONTACT:ARG351;CONTACT:ARG578;CONTACT:MET408;CONTACT:PHE575;CONTACT:TYR443;HBOND:ALA228;HBOND:ARG351;HYDROPHOBIC:MET408;HYDROPHOBIC:PHE575;HYDROPHOBIC:TYR443;POLAR:ARG351;POLAR:ARG578;WALKER:ALA227;WALKER:ALA228,18.0,False,False,/workspace/URAT1_NLRP3_DualTarget_AIDD_Project/data/campaigns/c5/02_nlrp3_panel/decoys/seed43/C5W4D_004_out.sdf,3.49001604580839,True,2.941069703356237,True,3.029868148946419,True,3.4660366414681807,True,4.198464600303308,True,3.4742397729575276,True,3.3942763588134723,True,decoy,
C5W4D_005,nlrp3_7alv,43,9.0,1.0,0.646653235,5.63091469,4.431214739557143,True,0.5666666666666667,2.0,0.2857142857142857,0.25,CONTACT:ALA227;CONTACT:ARG578;HBOND:ALA227;HBOND:ARG578;POLAR:ARG578;WALKER:ALA227,6.0,True,False,/workspace/URAT1_NLRP3_DualTarget_AIDD_Project/data/campaigns/c5/02_nlrp3_panel/decoys/seed43/C5W4D_005_out.sdf,3.1955896169564606,True,5.213344224200039,False,6.329733880661974,False,7.004574719424442,False,9.07449728635146,False,5.275161988034113,False,2.836223545491434,True,decoy,
C5W4D_006,nlrp3_7alv,43,9.0,1.0,0.774540603,6.22993326,3.285984834556753,True,0.5517241379310345,4.0,0.5714285714285714,0.5,AROMATIC:PHE575;CONTACT:ALA227;CONTACT:ALA228;CONTACT:ARG578;CONTACT:PHE575;HBOND:ALA227;HBOND:ARG578;HYDROPHOBIC:PHE575;POLAR:ARG578;WALKER:ALA227;WALKER:ALA228,11.0,True,False,/workspace/URAT1_NLRP3_DualTarget_AIDD_Project/data/campaigns/c5/02_nlrp3_panel/decoys/seed43/C5W4D_006_out.sdf,3.2666608333281113,True,3.658189306200531,True,6.545800638577377,False,4.859229568563315,False,4.5667810326311935,False,3.832676088583539,True,2.9388002654144443,True,decoy,
C5W4D_007,nlrp3_7alv,43,9.0,1.0,0.211416751,5.55314827,6.3864655414961975,False,0.5806451612903226,4.0,0.5714285714285714,0.47368421052631576,AROMATIC:PHE575;CONTACT:ALA227;CONTACT:ARG351;CONTACT:ARG578;CONTACT:PHE575;HYDROPHOBIC:PHE575;POLAR:ARG351;POLAR:ARG578;WALKER:ALA227,9.0,False,False,/workspace/URAT1_NLRP3_DualTarget_AIDD_Project/data/campaigns/c5/02_nlrp3_panel/decoys/seed43/C5W4D_007_out.sdf,3.986227289054155,True,5.028803635060733,False,2.7499807272051946,True,11.4643174240772,False,10.319134702095907,False,3.360337631845941,True,3.510628006496837,True,decoy,
C5W4D_008,nlrp3_7alv,43,9.0,1.0,0.141042203,5.61266327,7.02996948635101,False,0.5,2.0,0.2857142857142857,0.21052631578947367,CONTACT:ALA227;CONTACT:ARG578;POLAR:ARG578;WALKER:ALA227,4.0,False,False,/workspace/URAT1_NLRP3_DualTarget_AIDD_Project/data/campaigns/c5/02_nlrp3_panel/decoys/seed43/C5W4D_008_out.sdf,3.7394666732035597,True,6.539660923931767,False,6.151952941952666,False,7.90516122542735,False,10.751769993819623,False,6.122556573850497,False,3.6204117169183956,True,decoy,
C5W4D_009,nlrp3_7alv,43,9.0,1.0,0.842982709,6.85077715,1.3804256530556924,True,0.9354838709677419,6.0,0.8571428571428571,0.8421052631578947,AROMATIC:PHE575;CONTACT:ALA227;CONTACT:ALA228;CONTACT:ARG351;CONTACT:ARG578;CONTACT:MET408;CONTACT:PHE575;HBOND:ALA228;HBOND:ARG351;HBOND:ARG578;HYDROPHOBIC:MET408;HYDROPHOBIC:PHE575;POLAR:ARG351;POLAR:ARG578;WALKER:ALA227;WALKER:ALA228,16.0,True,True,/workspace/URAT1_NLRP3_DualTarget_AIDD_Project/data/campaigns/c5/02_nlrp3_panel/decoys/seed43/C5W4D_009_out.sdf,3.476379869922161,True,3.0979510970962694,True,3.1402604987484737,True,4.260241894540728,True,6.094481766319428,False,3.302821369677748,True,3.1738936655155943,True,decoy,
C5W4D_010,nlrp3_7alv,43,9.0,1.0,0.722640455,6.49131155,2.2034214916842725,True,0.7878787878787878,5.0,0.7142857142857143,0.6842105263157895,AROMATIC:PHE575;AROMATIC:TYR443;CONTACT:ALA227;CONTACT:ALA228;CONTACT:ARG578;CONTACT:PHE575;CONTACT:TYR443;HBOND:ALA228;HYDROPHOBIC:PHE575;HYDROPHOBIC:TYR443;POLAR:ARG578;WALKER:ALA227;WALKER:ALA228,13.0,True,True,/workspace/URAT1_NLRP3_DualTarget_AIDD_Project/data/campaigns/c5/02_nlrp3_panel/decoys/seed43/C5W4D_010_out.sdf,3.23219615741372,True,2.8405422017635784,True,4.9885442766402335,False,4.799302970223905,False,3.463527392702413,True,3.4568675126478317,True,3.6741814054289677,True,decoy,
C5W4D_011,nlrp3_7alv,43,9.0,1.0,0.108671762,5.73790884,3.945778600545528,True,0.75,5.0,0.7142857142857143,0.631578947368421,AROMATIC:PHE575;CONTACT:ALA227;CONTACT:ALA228;CONTACT:ARG351;CONTACT:ARG578;CONTACT:PHE575;HBOND:ARG578;HYDROPHOBIC:PHE575;POLAR:ARG351;POLAR:ARG578;WALKER:ALA227;WALKER:ALA228,12.0,False,False,/workspace/URAT1_NLRP3_DualTarget_AIDD_Project/data/campaigns/c5/02_nlrp3_panel/decoys/seed43/C5W4D_011_out.sdf,3.278016931011804,True,3.670351209353134,True,3.3852033912307258,True,4.807295913504804,False,8.058498991747781,False,4.295213498768129,True,3.2935544628865623,True,decoy,
C5W4D_012,nlrp3_7alv,43,9.0,1.0,0.297137916,5.59770012,2.332641788273106,True,0.8,5.0,0.7142857142857143,0.6842105263157895,AROMATIC:PHE575;AROMATIC:TYR443;CONTACT:ALA227;CONTACT:ALA228;CONTACT:ARG578;CONTACT:PHE575;CONTACT:TYR443;HBOND:ARG578;HYDROPHOBIC:PHE575;HYDROPHOBIC:TYR443;POLAR:ARG578;WALKER:ALA227;WALKER:ALA228,13.0,False,False,/workspace/URAT1_NLRP3_DualTarget_AIDD_Project/data/campaigns/c5/02_nlrp3_panel/decoys/seed43/C5W4D_012_out.sdf,3.785121398317371,True,3.2241516713703158,True,5.708387951076907,False,4.910987680701312,False,3.939488037803899,True,3.772695588037817,True,3.261484631268408,True,decoy,
C5W4D_013,nlrp3_7alv,43,9.0,1.0,0.424940169,6.16160059,4.979931681171908,True,0.6060606060606061,5.0,0.7142857142857143,0.631578947368421,AROMATIC:PHE575;CONTACT:ALA227;CONTACT:ALA228;CONTACT:ARG351;CONTACT:ARG578;CONTACT:PHE575;HBOND:ALA228;HYDROPHOBIC:PHE575;POLAR:ARG351;POLAR:ARG578;WALKER:ALA227;WALKER:ALA228,12.0,False,False,/workspace/URAT1_NLRP3_DualTarget_AIDD_Project/data/campaigns/c5/02_nlrp3_panel/decoys/seed43/C5W4D_013_out.sdf,3.4487506433489905,True,3.1056881685063056,True,3.623672998492003,True,4.776849589426066,False,6.809389546794922,False,3.370746059850845,True,3.2793862230606523,True,decoy,
C5W4D_014,nlrp3_7alv,43,9.0,1.0,0.795144677,6.36911345,2.891727254371375,True,0.5862068965517241,5.0,0.7142857142857143,0.631578947368421,AROMATIC:PHE575;CONTACT:ALA227;CONTACT:ALA228;CONTACT:ARG578;CONTACT:MET408;CONTACT:PHE575;HBOND:ALA228;HYDROPHOBIC:MET408;HYDROPHOBIC:PHE575;POLAR:ARG578;WALKER:ALA227;WALKER:ALA228,12.0,True,True,/workspace/URAT1_NLRP3_DualTarget_AIDD_Project/data/campaigns/c5/02_nlrp3_panel/decoys/seed43/C5W4D_014_out.sdf,3.3242734544558803,True,3.0089710866008526,True,5.703592727395601,False,3.6361877014257655,True,4.5360115740593105,False,3.551762942539943,True,3.5047947158143304,True,decoy,
C5W4D_015,nlrp3_7alv,43,9.0,1.0,0.456744254,6.93064642,2.566176514367598,True,0.71875,4.0,0.5714285714285714,0.5263157894736842,AROMATIC:TYR443;CONTACT:ALA227;CONTACT:ALA228;CONTACT:ARG578;CONTACT:TYR443;HBOND:ARG578;HYDROPHOBIC:TYR443;POLAR:ARG578;WALKER:ALA227;WALKER:ALA228,10.0,False,False,/workspace/URAT1_NLRP3_DualTarget_AIDD_Project/data/campaigns/c5/02_nlrp3_panel/decoys/seed43/C5W4D_015_out.sdf,2.83100335570272,True,2.8512113215263355,True,7.778992351198195,False,5.259898287989989,False,2.961552970993431,True,4.824126242129242,False,2.804046718583697,True,decoy,
C5W4D_016,nlrp3_7alv,43,9.0,1.0,0.229360834,5.34195471,4.312031368904415,True,0.5714285714285714,2.0,0.2857142857142857,0.2631578947368421,CONTACT:ALA227;CONTACT:ARG578;HBOND:ARG578;POLAR:ARG578;WALKER:ALA227,5.0,False,False,/workspace/URAT1_NLRP3_DualTarget_AIDD_Project/data/campaigns/c5/02_nlrp3_panel/decoys/seed43/C5W4D_016_out.sdf,3.2281184922490103,True,6.184176824768191,False,6.2755434824403915,False,7.539852054251465,False,9.52301422869881,False,5.640480475987838,False,3.1263323559724063,True,decoy,
C5W4D_017,nlrp3_7alv,43,9.0,1.0,0.212777033,5.46781492,3.6073960933708054,True,0.6333333333333333,4.0,0.5714285714285714,0.5263157894736842,AROMATIC:PHE575;CONTACT:ALA227;CONTACT:ALA228;CONTACT:ARG578;CONTACT:PHE575;HBOND:ARG578;HYDROPHOBIC:PHE575;POLAR:ARG578;WALKER:ALA227;WALKER:ALA228,10.0,False,False,/workspace/URAT1_NLRP3_DualTarget_AIDD_Project/data/campaigns/c5/02_nlrp3_panel/decoys/seed43/C5W4D_017_out.sdf,3.7348356054852068,True,3.929002417917288,True,5.028343067054997,False,6.689617178882513,False,7.8994857427556635,False,3.6926124898234316,True,3.2982439266979555,True,decoy,
C5W4D_018,nlrp3_7alv,43,9.0,1.0,0.713591576,7.02193117,2.905422515520286,True,0.5714285714285714,5.0,0.7142857142857143,0.6842105263157895,AROMATIC:PHE575;AROMATIC:TYR443;CONTACT:ALA227;CONTACT:ALA228;CONTACT:ARG578;CONTACT:PHE575;CONTACT:TYR443;HBOND:ARG578;HYDROPHOBIC:PHE575;HYDROPHOBIC:TYR443;POLAR:ARG578;WALKER:ALA227;WALKER:ALA228,13.0,True,True,/workspace/URAT1_NLRP3_DualTarget_AIDD_Project/data/campaigns/c5/02_nlrp3_panel/decoys/seed43/C5W4D_018_out.sdf,4.253165879671281,True,3.7384589070899117,True,7.43204958271943,False,5.719800870659749,False,3.422576514849595,True,4.072335693431966,True,2.893507387237851,True,decoy,
C5W4D_019,nlrp3_7alv,43,9.0,1.0,0.541058898,6.87717676,2.143779644039882,True,0.8709677419354839,6.0,0.8571428571428571,0.7368421052631579,AROMATIC:PHE575;AROMATIC:TYR443;CONTACT:ALA227;CONTACT:ALA228;CONTACT:ARG578;CONTACT:MET408;CONTACT:PHE575;CONTACT:TYR443;HYDROPHOBIC:MET408;HYDROPHOBIC:PHE575;HYDROPHOBIC:TYR443;POLAR:ARG578;WALKER:ALA227;WALKER:ALA228,14.0,True,True,/workspace/URAT1_NLRP3_DualTarget_AIDD_Project/data/campaigns/c5/02_nlrp3_panel/decoys/seed43/C5W4D_019_out.sdf,3.6086266085590104,True,3.3115663967373417,True,5.690170471963032,False,3.373515377169638,True,4.20330227321329,True,3.401328857961252,True,3.3489826813526555,True,decoy,
C5W4D_020,nlrp3_7alv,43,9.0,1.0,0.362601042,5.98095131,1.3690811116182235,True,0.84375,5.0,0.7142857142857143,0.6842105263157895,AROMATIC:PHE575;AROMATIC:TYR443;CONTACT:ALA227;CONTACT:ALA228;CONTACT:ARG578;CONTACT:PHE575;CONTACT:TYR443;HBOND:ARG578;HYDROPHOBIC:PHE575;HYDROPHOBIC:TYR443;POLAR:ARG578;WALKER:ALA227;WALKER:ALA228,13.0,False,False,/workspace/URAT1_NLRP3_DualTarget_AIDD_Project/data/campaigns/c5/02_nlrp3_panel/decoys/seed43/C5W4D_020_out.sdf,3.949308926888362,True,3.359009526631315,True,6.710787137139733,False,4.533440415401971,False,3.065970808732529,True,3.1093415701720515,True,2.7997533819963523,True,decoy,
C5W4D_021,nlrp3_7alv,43,9.0,1.0,0.437537163,6.52360678,0.5185011457746853,True,0.9259259259259259,6.0,0.8571428571428571,0.8421052631578947,AROMATIC:PHE575;AROMATIC:TYR443;CONTACT:ALA227;CONTACT:ALA228;CONTACT:ARG351;CONTACT:ARG578;CONTACT:PHE575;CONTACT:TYR443;HBOND:ALA228;HBOND:ARG578;HYDROPHOBIC:PHE575;HYDROPHOBIC:TYR443;POLAR:ARG351;POLAR:ARG578;WALKER:ALA227;WALKER:ALA228,16.0,False,False,/workspace/URAT1_NLRP3_DualTarget_AIDD_Project/data/campaigns/c5/02_nlrp3_panel/decoys/seed43/C5W4D_021_out.sdf,3.359298140981241,True,2.8162956165857307,True,3.8365678672480197,True,4.85785508223537,False,3.458176108875893,True,3.230614337862071,True,3.358526462602309,True,decoy,
C5W4D_022,,43,,,,,,,,,,,,,False,False,/workspace/URAT1_NLRP3_DualTarget_AIDD_Project/data/campaigns/c5/02_nlrp3_panel/decoys/seed43/C5W4D_022_out.sdf,,,,,,,,,,,,,,,decoy,empty_or_missing_sdf
C5W4D_023,nlrp3_7alv,43,9.0,1.0,0.599960625,7.06346846,1.8586611961035857,True,0.7419354838709677,6.0,0.8571428571428571,0.75,AROMATIC:PHE575;AROMATIC:TYR443;CONTACT:ALA227;CONTACT:ALA228;CONTACT:ARG578;CONTACT:MET408;CONTACT:PHE575;CONTACT:TYR443;HBOND:ALA228;HBOND:TYR443;HYDROPHOBIC:MET408;HYDROPHOBIC:PHE575;HYDROPHOBIC:TYR443;POLAR:ARG578;WALKER:ALA227;WALKER:ALA228,16.0,True,True,/workspace/URAT1_NLRP3_DualTarget_AIDD_Project/data/campaigns/c5/02_nlrp3_panel/decoys/seed43/C5W4D_023_out.sdf,3.5063836070801018,True,2.967257656490226,True,5.511290955846916,False,3.7321663950043815,True,3.283408290176539,True,3.7811168984838415,True,3.4526237848917116,True,decoy,
C5W4D_024,nlrp3_7alv,43,9.0,1.0,0.504352748,6.02476072,1.384709021027431,True,0.8125,5.0,0.7142857142857143,0.7,AROMATIC:PHE575;AROMATIC:TYR443;CONTACT:ALA227;CONTACT:ALA228;CONTACT:ARG578;CONTACT:PHE575;CONTACT:TYR443;HBOND:ALA228;HBOND:ARG578;HBOND:TYR443;HYDROPHOBIC:PHE575;HYDROPHOBIC:TYR443;POLAR:ARG578;WALKER:ALA227;WALKER:ALA228,15.0,True,True,/workspace/URAT1_NLRP3_DualTarget_AIDD_Project/data/campaigns/c5/02_nlrp3_panel/decoys/seed43/C5W4D_024_out.sdf,4.192483035147553,True,2.9093342881147186,True,5.697320247274152,False,4.51142172712771,False,3.0155956293906523,True,3.516027445854195,True,2.829224275309401,True,decoy,
C5W4D_025,nlrp3_7alv,43,9.0,1.0,0.675740659,6.79206324,2.4650938456507765,True,0.6428571428571429,6.0,0.8571428571428571,0.7894736842105263,AROMATIC:PHE575;AROMATIC:TYR443;CONTACT:ALA227;CONTACT:ALA228;CONTACT:ARG578;CONTACT:MET408;CONTACT:PHE575;CONTACT:TYR443;HBOND:ARG578;HYDROPHOBIC:MET408;HYDROPHOBIC:PHE575;HYDROPHOBIC:TYR443;POLAR:ARG578;WALKER:ALA227;WALKER:ALA228,15.0,True,True,/workspace/URAT1_NLRP3_DualTarget_AIDD_Project/data/campaigns/c5/02_nlrp3_panel/decoys/seed43/C5W4D_025_out.sdf,3.4324750545342715,True,3.4458335711406423,True,6.272134325729956,False,3.480975294367946,True,3.728182935425783,True,3.917199254569526,True,2.8770785529769634,True,decoy,
C5W4D_026,,43,,,,,,,,,,,,,False,False,/workspace/URAT1_NLRP3_DualTarget_AIDD_Project/data/campaigns/c5/02_nlrp3_panel/decoys/seed43/C5W4D_026_out.sdf,,,,,,,,,,,,,,,decoy,empty_or_missing_sdf
C5W4D_027,,43,,,,,,,,,,,,,False,False,/workspace/URAT1_NLRP3_DualTarget_AIDD_Project/data/campaigns/c5/02_nlrp3_panel/decoys/seed43/C5W4D_027_out.sdf,,,,,,,,,,,,,,,decoy,empty_or_missing_sdf
C5W4D_028,nlrp3_7alv,43,9.0,1.0,0.362506568,5.82445669,3.946690204624126,True,0.8888888888888888,5.0,0.7142857142857143,0.6842105263157895,AROMATIC:PHE575;CONTACT:ALA227;CONTACT:ALA228;CONTACT:ARG351;CONTACT:ARG578;CONTACT:PHE575;HBOND:ARG351;HBOND:ARG578;HYDROPHOBIC:PHE575;POLAR:ARG351;POLAR:ARG578;WALKER:ALA227;WALKER:ALA228,13.0,False,False,/workspace/URAT1_NLRP3_DualTarget_AIDD_Project/data/campaigns/c5/02_nlrp3_panel/decoys/seed43/C5W4D_028_out.sdf,4.217858224265006,True,4.469129445428945,True,3.069647210999988,True,6.322295548295732,False,8.797428942594538,False,4.347442581564475,True,3.4935201444960917,True,decoy,
C5W4D_029,,43,,,,,,,,,,,,,False,False,/workspace/URAT1_NLRP3_DualTarget_AIDD_Project/data/campaigns/c5/02_nlrp3_panel/decoys/seed43/C5W4D_029_out.sdf,,,,,,,,,,,,,,,decoy,empty_or_missing_sdf
C5W4D_030,nlrp3_7alv,43,9.0,1.0,0.48056981,6.03206491,1.7555031287163638,True,0.9032258064516129,5.0,0.7142857142857143,0.6842105263157895,AROMATIC:PHE575;AROMATIC:TYR443;CONTACT:ALA227;CONTACT:ALA228;CONTACT:ARG578;CONTACT:PHE575;CONTACT:TYR443;HBOND:ARG578;HYDROPHOBIC:PHE575;HYDROPHOBIC:TYR443;POLAR:ARG578;WALKER:ALA227;WALKER:ALA228,13.0,False,False,/workspace/URAT1_NLRP3_DualTarget_AIDD_Project/data/campaigns/c5/02_nlrp3_panel/decoys/seed43/C5W4D_030_out.sdf,3.9158518868823533,True,3.67751084294798,True,5.790720335156933,False,5.795351499262146,False,3.4285317557228483,True,3.5257773610935774,True,2.8704191331580833,True,decoy,
C5W4D_031,nlrp3_7alv,43,9.0,1.0,0.25042367,6.08611727,2.412958138241161,True,0.6774193548387096,5.0,0.7142857142857143,0.6842105263157895,AROMATIC:PHE575;AROMATIC:TYR443;CONTACT:ALA227;CONTACT:ALA228;CONTACT:ARG578;CONTACT:PHE575;CONTACT:TYR443;HBOND:ALA228;HYDROPHOBIC:PHE575;HYDROPHOBIC:TYR443;POLAR:ARG578;WALKER:ALA227;WALKER:ALA228,13.0,False,False,/workspace/URAT1_NLRP3_DualTarget_AIDD_Project/data/campaigns/c5/02_nlrp3_panel/decoys/seed43/C5W4D_031_out.sdf,3.455446425572258,True,3.1784390823169733,True,5.925078986815283,False,5.052415165047305,False,3.0182567816539367,True,3.2774776887112465,True,3.6518778730948895,True,decoy,
C5W4D_032,nlrp3_7alv,43,9.0,1.0,0.643593013,6.35005569,2.497752053642832,True,0.5555555555555556,5.0,0.7142857142857143,0.65,AROMATIC:PHE575;AROMATIC:TYR443;CONTACT:ALA227;CONTACT:ALA228;CONTACT:ARG578;CONTACT:PHE575;CONTACT:TYR443;HBOND:ALA227;HBOND:ALA228;HYDROPHOBIC:PHE575;HYDROPHOBIC:TYR443;POLAR:ARG578;WALKER:ALA227;WALKER:ALA228,14.0,True,True,/workspace/URAT1_NLRP3_DualTarget_AIDD_Project/data/campaigns/c5/02_nlrp3_panel/decoys/seed43/C5W4D_032_out.sdf,3.178645308932715,True,3.27267642763532,True,6.589281675569802,False,4.818159088282578,False,3.5657125515105674,True,3.5745175898294375,True,3.632712485182391,True,decoy,
C5W4D_033,nlrp3_7alv,43,9.0,1.0,0.272828817,5.51944494,2.306323519447379,True,0.6296296296296297,5.0,0.7142857142857143,0.6842105263157895,AROMATIC:PHE575;AROMATIC:TYR443;CONTACT:ALA227;CONTACT:ALA228;CONTACT:ARG578;CONTACT:PHE575;CONTACT:TYR443;HBOND:ARG578;HYDROPHOBIC:PHE575;HYDROPHOBIC:TYR443;POLAR:ARG578;WALKER:ALA227;WALKER:ALA228,13.0,False,False,/workspace/URAT1_NLRP3_DualTarget_AIDD_Project/data/campaigns/c5/02_nlrp3_panel/decoys/seed43/C5W4D_033_out.sdf,3.199115659053303,True,3.3035443087689877,True,7.429644742516293,False,4.983611943159297,False,3.282264005225656,True,3.702919523835211,True,3.1307063100840415,True,decoy,
C5W4D_034,nlrp3_7alv,43,9.0,1.0,0.220252007,4.91318321,5.1699390506407825,True,0.5,2.0,0.2857142857142857,0.2631578947368421,CONTACT:ALA227;CONTACT:ARG578;HBOND:ARG578;POLAR:ARG578;WALKER:ALA227,5.0,False,False,/workspace/URAT1_NLRP3_DualTarget_AIDD_Project/data/campaigns/c5/02_nlrp3_panel/decoys/seed43/C5W4D_034_out.sdf,3.5194184178639576,True,5.5011931433099095,False,6.73742836696614,False,7.004849248913216,False,9.424465449032109,False,5.597646201753018,False,2.9798714737384215,True,decoy,
C5W4D_035,nlrp3_7alv,43,9.0,1.0,0.58624506,7.25065041,2.245321831724225,True,0.7058823529411765,6.0,0.8571428571428571,0.75,AROMATIC:PHE575;AROMATIC:TYR443;CONTACT:ALA227;CONTACT:ALA228;CONTACT:ARG578;CONTACT:MET408;CONTACT:PHE575;CONTACT:TYR443;HBOND:ARG578;HBOND:TYR443;HYDROPHOBIC:MET408;HYDROPHOBIC:PHE575;HYDROPHOBIC:TYR443;POLAR:ARG578;WALKER:ALA227;WALKER:ALA228,16.0,True,True,/workspace/URAT1_NLRP3_DualTarget_AIDD_Project/data/campaigns/c5/02_nlrp3_panel/decoys/seed43/C5W4D_035_out.sdf,3.5816067623344865,True,3.0082460005790725,True,6.423742600696272,False,4.358650020361811,True,2.9896093390274268,True,3.481685080532124,True,3.1418755545056274,True,decoy,
C5W4D_036,nlrp3_7alv,43,9.0,1.0,0.662873924,6.65055609,2.000325785891568,True,0.8275862068965517,5.0,0.7142857142857143,0.7,AROMATIC:PHE575;AROMATIC:TYR443;CLASH:ANY;CONTACT:ALA227;CONTACT:ALA228;CONTACT:ARG578;CONTACT:PHE575;CONTACT:TYR443;HBOND:ALA228;HBOND:ARG578;HYDROPHOBIC:PHE575;HYDROPHOBIC:TYR443;POLAR:ARG578;WALKER:ALA227;WALKER:ALA228,15.0,True,False,/workspace/URAT1_NLRP3_DualTarget_AIDD_Project/data/campaigns/c5/02_nlrp3_panel/decoys/seed43/C5W4D_036_out.sdf,3.2511199608750285,True,2.076322951758705,True,4.831549337427902,False,5.482964344221112,False,3.276029609145802,True,3.0676339416560126,True,2.7382450584270215,True,decoy,
C5W4D_037,nlrp3_7alv,43,9.0,1.0,0.51348871,6.53214979,2.7748068574792555,True,0.5517241379310345,4.0,0.5714285714285714,0.47368421052631576,AROMATIC:TYR443;CONTACT:ALA227;CONTACT:ALA228;CONTACT:ARG578;CONTACT:TYR443;HYDROPHOBIC:TYR443;POLAR:ARG578;WALKER:ALA227;WALKER:ALA228,9.0,True,False,/workspace/URAT1_NLRP3_DualTarget_AIDD_Project/data/campaigns/c5/02_nlrp3_panel/decoys/seed43/C5W4D_037_out.sdf,3.3501752192982455,True,3.14256423959796,True,6.99061385001346,False,4.5046674683044055,False,3.7854702481990268,True,4.540436653010374,False,3.306840486022869,True,decoy,
C5W4D_038,nlrp3_7alv,43,9.0,1.0,0.259694129,5.92937851,2.5823649826291137,True,0.8,5.0,0.7142857142857143,0.7368421052631579,AROMATIC:PHE575;AROMATIC:TYR443;CONTACT:ALA227;CONTACT:ALA228;CONTACT:ARG578;CONTACT:PHE575;CONTACT:TYR443;HBOND:ALA228;HBOND:ARG578;HYDROPHOBIC:PHE575;HYDROPHOBIC:TYR443;POLAR:ARG578;WALKER:ALA227;WALKER:ALA228,14.0,False,False,/workspace/URAT1_NLRP3_DualTarget_AIDD_Project/data/campaigns/c5/02_nlrp3_panel/decoys/seed43/C5W4D_038_out.sdf,3.7620043859623653,True,3.4427156432095787,True,5.717159522000418,False,5.448030286259429,False,3.328035005825511,True,3.495703076635659,True,2.8835079330565425,True,decoy,
C5W4D_039,nlrp3_7alv,43,9.0,1.0,0.667703807,6.57061815,0.19650578425602347,True,1.0,6.0,0.8571428571428571,0.8421052631578947,AROMATIC:PHE575;AROMATIC:TYR443;CONTACT:ALA227;CONTACT:ALA228;CONTACT:ARG351;CONTACT:ARG578;CONTACT:PHE575;CONTACT:TYR443;HBOND:ALA228;HBOND:ARG578;HYDROPHOBIC:PHE575;HYDROPHOBIC:TYR443;POLAR:ARG351;POLAR:ARG578;WALKER:ALA227;WALKER:ALA228,16.0,True,True,/workspace/URAT1_NLRP3_DualTarget_AIDD_Project/data/campaigns/c5/02_nlrp3_panel/decoys/seed43/C5W4D_039_out.sdf,3.4209748610593484,True,2.842160621780536,True,3.651709873470239,True,4.933988650169355,False,3.0797103759931743,True,3.360878456594342,True,2.895800752814326,True,decoy,
C5W4D_040,nlrp3_7alv,43,9.0,1.0,0.507730961,6.36754036,1.6700390191683585,True,0.7857142857142857,6.0,0.8571428571428571,0.8421052631578947,AROMATIC:PHE575;CONTACT:ALA227;CONTACT:ALA228;CONTACT:ARG351;CONTACT:ARG578;CONTACT:MET408;CONTACT:PHE575;HBOND:ALA228;HBOND:ARG351;HBOND:ARG578;HYDROPHOBIC:MET408;HYDROPHOBIC:PHE575;POLAR:ARG351;POLAR:ARG578;WALKER:ALA227;WALKER:ALA228,16.0,True,True,/workspace/URAT1_NLRP3_DualTarget_AIDD_Project/data/campaigns/c5/02_nlrp3_panel/decoys/seed43/C5W4D_040_out.sdf,3.377646962013652,True,3.0407513874041103,True,3.0299547851411925,True,4.386817639246017,True,6.131020877472198,False,3.04234218982678,True,3.039458668908003,True,decoy,
REP_01181,nlrp3_7alv,43,9.0,1.0,0.895092726,7.02001333,0.344149968996873,True,1.0,7.0,1.0,1.0,AROMATIC:PHE575;AROMATIC:TYR443;CONTACT:ALA227;CONTACT:ALA228;CONTACT:ARG351;CONTACT:ARG578;CONTACT:MET408;CONTACT:PHE575;CONTACT:TYR443;HBOND:ALA228;HBOND:ARG351;HBOND:ARG578;HYDROPHOBIC:MET408;HYDROPHOBIC:PHE575;HYDROPHOBIC:TYR443;POLAR:ARG351;POLAR:ARG578;WALKER:ALA227;WALKER:ALA228,19.0,True,True,/workspace/URAT1_NLRP3_DualTarget_AIDD_Project/data/campaigns/c1/07_clinical_dock/acid_dual_a2/nlrp3_7alv/seed43/REP_01181_out.sdf,3.2485582956136176,True,3.1426821347377643,True,3.2029182006414123,True,4.26953967073735,True,3.1702383191173467,True,3.7084813603414526,True,2.7908086641688703,True,clinical_acid_background,
REP_03306,nlrp3_7alv,43,9.0,1.0,0.43551904,6.99845505,1.5027521106394943,True,0.7575757575757576,6.0,0.8571428571428571,0.8947368421052632,AROMATIC:PHE575;AROMATIC:TYR443;CONTACT:ALA227;CONTACT:ALA228;CONTACT:ARG351;CONTACT:ARG578;CONTACT:PHE575;CONTACT:TYR443;HBOND:ALA228;HBOND:ARG351;HBOND:ARG578;HYDROPHOBIC:PHE575;HYDROPHOBIC:TYR443;POLAR:ARG351;POLAR:ARG578;WALKER:ALA227;WALKER:ALA228,17.0,False,False,/workspace/URAT1_NLRP3_DualTarget_AIDD_Project/data/campaigns/c1/07_clinical_dock/acid_dual_a2/nlrp3_7alv/seed43/REP_03306_out.sdf,3.0541843428319866,True,2.909576601500627,True,2.8359100832008033,True,5.284860452273077,False,3.2436783132733744,True,3.238462135026436,True,2.796601687763198,True,clinical_acid_background,
REP_01346,nlrp3_7alv,43,9.0,1.0,0.374068111,5.97299576,5.950839366759463,True,0.3611111111111111,2.0,0.2857142857142857,0.2,CLASH:ANY;CONTACT:ALA227;CONTACT:ARG578;POLAR:ARG578;WALKER:ALA227,5.0,False,False,/workspace/URAT1_NLRP3_DualTarget_AIDD_Project/data/campaigns/c1/07_clinical_dock/acid_dual_a2/nlrp3_7alv/seed43/REP_01346_out.sdf,2.21771278573219,True,4.634395106160034,False,5.142940112425968,False,7.8017399341428995,False,9.36052226107069,False,4.73062205211957,False,2.6484187735326117,True,clinical_acid_background,
REP_07910,nlrp3_7alv,43,9.0,1.0,0.833877027,6.91791582,2.3816899989066167,True,0.6551724137931034,6.0,0.8571428571428571,0.75,AROMATIC:PHE575;AROMATIC:TYR443;CONTACT:ALA227;CONTACT:ALA228;CONTACT:ARG578;CONTACT:MET408;CONTACT:PHE575;CONTACT:TYR443;HBOND:ALA227;HBOND:ARG578;HYDROPHOBIC:MET408;HYDROPHOBIC:PHE575;HYDROPHOBIC:TYR443;POLAR:ARG578;WALKER:ALA227;WALKER:ALA228,16.0,True,True,/workspace/URAT1_NLRP3_DualTarget_AIDD_Project/data/campaigns/c1/07_clinical_dock/acid_dual_a2/nlrp3_7alv/seed43/REP_07910_out.sdf,3.0426269899545555,True,3.5334517118534325,True,6.414834526314767,False,3.7497483915590943,True,3.4037473466754213,True,3.8754371366337477,True,3.134357509921296,True,clinical_acid_background,
REP_01494,nlrp3_7alv,43,9.0,1.0,0.305168301,5.58656931,1.6686109934616724,True,0.9285714285714286,6.0,0.8571428571428571,0.75,AROMATIC:PHE575;AROMATIC:TYR443;CONTACT:ALA227;CONTACT:ALA228;CONTACT:ARG578;CONTACT:MET408;CONTACT:PHE575;CONTACT:TYR443;HBOND:ALA228;HBOND:TYR443;HYDROPHOBIC:MET408;HYDROPHOBIC:PHE575;HYDROPHOBIC:TYR443;POLAR:ARG578;WALKER:ALA227;WALKER:ALA228,16.0,False,False,/workspace/URAT1_NLRP3_DualTarget_AIDD_Project/data/campaigns/c1/07_clinical_dock/acid_dual_a2/nlrp3_7alv/seed43/REP_01494_out.sdf,3.0041308227172836,True,2.6968963643417894,True,4.7651258115604875,False,3.402302896568736,True,3.034186217093464,True,3.2568434104205846,True,3.378154673782717,True,clinical_acid_background,
REP_01131,nlrp3_7alv,43,9.0,1.0,0.581311345,5.76292944,6.036984319049462,False,0.6153846153846154,5.0,0.7142857142857143,0.6842105263157895,AROMATIC:PHE575;CONTACT:ALA227;CONTACT:ALA228;CONTACT:ARG351;CONTACT:ARG578;CONTACT:PHE575;HBOND:ALA228;HBOND:ARG351;HYDROPHOBIC:PHE575;POLAR:ARG351;POLAR:ARG578;WALKER:ALA227;WALKER:ALA228,13.0,False,False,/workspace/URAT1_NLRP3_DualTarget_AIDD_Project/data/campaigns/c1/07_clinical_dock/acid_dual_a2/nlrp3_7alv/seed43/REP_01131_out.sdf,3.4724351685812778,True,2.8617145210520163,True,3.0507948144704846,True,11.324043447461692,False,9.551612534017487,False,3.3750736288264847,True,3.7338476133875598,True,clinical_acid_background,
REP_01178,nlrp3_7alv,43,9.0,1.0,0.664571702,6.66311646,2.36355550844774,True,0.7096774193548387,6.0,0.8571428571428571,0.75,AROMATIC:PHE575;AROMATIC:TYR443;CONTACT:ALA227;CONTACT:ALA228;CONTACT:ARG578;CONTACT:MET408;CONTACT:PHE575;CONTACT:TYR443;HBOND:ALA228;HBOND:TYR443;HYDROPHOBIC:MET408;HYDROPHOBIC:PHE575;HYDROPHOBIC:TYR443;POLAR:ARG578;WALKER:ALA227;WALKER:ALA228,16.0,True,True,/workspace/URAT1_NLRP3_DualTarget_AIDD_Project/data/campaigns/c1/07_clinical_dock/acid_dual_a2/nlrp3_7alv/seed43/REP_01178_out.sdf,3.363049360327618,True,2.9526965641596146,True,5.969651916150554,False,4.04938168119529,True,2.7940175375254923,True,3.4718618924144997,True,3.4245586576959055,True,clinical_acid_background,
REP_00476,nlrp3_7alv,43,9.0,1.0,0.340574652,5.38829184,4.141675067391519,True,0.7241379310344828,5.0,0.7142857142857143,0.6842105263157895,AROMATIC:PHE575;CONTACT:ALA227;CONTACT:ALA228;CONTACT:ARG351;CONTACT:ARG578;CONTACT:PHE575;HBOND:ALA228;HBOND:ARG578;HYDROPHOBIC:PHE575;POLAR:ARG351;POLAR:ARG578;WALKER:ALA227;WALKER:ALA228,13.0,False,False,/workspace/URAT1_NLRP3_DualTarget_AIDD_Project/data/campaigns/c1/07_clinical_dock/acid_dual_a2/nlrp3_7alv/seed43/REP_00476_out.sdf,3.217147494287451,True,3.0911061127046464,True,4.115098419236173,True,6.172137474165655,False,8.796634924788002,False,3.701610595403031,True,2.794513374453586,True,clinical_acid_background,
REP_00077,nlrp3_7alv,43,9.0,1.0,0.591356575,6.12468958,0.9167783153287581,True,1.0,7.0,1.0,0.9473684210526315,AROMATIC:PHE575;AROMATIC:TYR443;CONTACT:ALA227;CONTACT:ALA228;CONTACT:ARG351;CONTACT:ARG578;CONTACT:MET408;CONTACT:PHE575;CONTACT:TYR443;HBOND:ALA228;HBOND:ARG351;HYDROPHOBIC:MET408;HYDROPHOBIC:PHE575;HYDROPHOBIC:TYR443;POLAR:ARG351;POLAR:ARG578;WALKER:ALA227;WALKER:ALA228,18.0,True,True,/workspace/URAT1_NLRP3_DualTarget_AIDD_Project/data/campaigns/c1/07_clinical_dock/acid_dual_a2/nlrp3_7alv/seed43/REP_00077_out.sdf,3.3086544092727417,True,3.002465819955326,True,2.9921619274364195,True,4.493676000781544,True,3.4045067190416916,True,3.3000195453966628,True,3.0819699868752837,True,clinical_acid_background,
REP_07338,nlrp3_7alv,43,9.0,1.0,0.631628096,5.85615873,4.799390970550865,True,0.7407407407407407,5.0,0.7142857142857143,0.7368421052631579,AROMATIC:PHE575;CONTACT:ALA227;CONTACT:ALA228;CONTACT:ARG351;CONTACT:ARG578;CONTACT:PHE575;HBOND:ALA228;HBOND:ARG351;HBOND:ARG578;HYDROPHOBIC:PHE575;POLAR:ARG351;POLAR:ARG578;WALKER:ALA227;WALKER:ALA228,14.0,True,True,/workspace/URAT1_NLRP3_DualTarget_AIDD_Project/data/campaigns/c1/07_clinical_dock/acid_dual_a2/nlrp3_7alv/seed43/REP_07338_out.sdf,3.325208264154287,True,2.843158279097397,True,3.006521245559395,True,8.364798264154373,False,9.679206320768252,False,3.7090382850544903,True,3.18654499419041,True,clinical_acid_background,
REP_07000,nlrp3_7alv,43,9.0,1.0,0.244303599,6.34551764,2.739489047871699,True,0.7142857142857143,7.0,1.0,0.9473684210526315,AROMATIC:PHE575;AROMATIC:TYR443;CONTACT:ALA227;CONTACT:ALA228;CONTACT:ARG351;CONTACT:ARG578;CONTACT:MET408;CONTACT:PHE575;CONTACT:TYR443;HBOND:ALA228;HBOND:ARG578;HYDROPHOBIC:MET408;HYDROPHOBIC:PHE575;HYDROPHOBIC:TYR443;POLAR:ARG351;POLAR:ARG578;WALKER:ALA227;WALKER:ALA228,18.0,False,False,/workspace/URAT1_NLRP3_DualTarget_AIDD_Project/data/campaigns/c1/07_clinical_dock/acid_dual_a2/nlrp3_7alv/seed43/REP_07000_out.sdf,3.512654409417474,True,2.7464886673714894,True,3.9517936433978953,True,3.653108539312791,True,3.81235268567849,True,3.2113196664299832,True,3.2576575940390082,True,clinical_acid_background,
REP_06427,nlrp3_7alv,43,9.0,1.0,0.304677397,6.86522293,2.429806709186575,True,0.6578947368421053,6.0,0.8571428571428571,0.7894736842105263,AROMATIC:PHE575;AROMATIC:TYR443;CONTACT:ALA227;CONTACT:ALA228;CONTACT:ARG578;CONTACT:MET408;CONTACT:PHE575;CONTACT:TYR443;HBOND:ARG578;HYDROPHOBIC:MET408;HYDROPHOBIC:PHE575;HYDROPHOBIC:TYR443;POLAR:ARG578;WALKER:ALA227;WALKER:ALA228,15.0,False,False,/workspace/URAT1_NLRP3_DualTarget_AIDD_Project/data/campaigns/c1/07_clinical_dock/acid_dual_a2/nlrp3_7alv/seed43/REP_06427_out.sdf,3.691574325406437,True,3.4537126400440363,True,5.199132042947168,False,4.176218025917707,True,3.276549099281135,True,3.337852003909099,True,3.3145984673863587,True,clinical_acid_background,
REP_07073,nlrp3_7alv,43,9.0,1.0,0.457946926,6.18798018,3.640223390720301,True,0.6470588235294118,5.0,0.7142857142857143,0.6842105263157895,AROMATIC:PHE575;CONTACT:ALA227;CONTACT:ALA228;CONTACT:ARG351;CONTACT:ARG578;CONTACT:PHE575;HBOND:ALA228;HBOND:ARG351;HYDROPHOBIC:PHE575;POLAR:ARG351;POLAR:ARG578;WALKER:ALA227;WALKER:ALA228,13.0,False,False,/workspace/URAT1_NLRP3_DualTarget_AIDD_Project/data/campaigns/c1/07_clinical_dock/acid_dual_a2/nlrp3_7alv/seed43/REP_07073_out.sdf,3.6055534942640985,True,2.844216939686558,True,2.8614214998842815,True,6.847830970460649,False,8.890938814321016,False,3.1150024077037206,True,3.563354318616102,True,clinical_acid_background,
REP_08014,nlrp3_7alv,43,9.0,1.0,0.516569078,7.12939692,2.375236751770742,True,0.75,6.0,0.8571428571428571,0.7368421052631579,AROMATIC:PHE575;AROMATIC:TYR443;CONTACT:ALA227;CONTACT:ALA228;CONTACT:ARG578;CONTACT:MET408;CONTACT:PHE575;CONTACT:TYR443;HYDROPHOBIC:MET408;HYDROPHOBIC:PHE575;HYDROPHOBIC:TYR443;POLAR:ARG578;WALKER:ALA227;WALKER:ALA228,14.0,True,True,/workspace/URAT1_NLRP3_DualTarget_AIDD_Project/data/campaigns/c1/07_clinical_dock/acid_dual_a2/nlrp3_7alv/seed43/REP_08014_out.sdf,3.455451490037159,True,3.3140458657055327,True,6.548838522974898,False,4.428094511186498,True,3.4054424088508686,True,3.9505211048670548,True,3.022327910733704,True,clinical_acid_background,
REP_07837,nlrp3_7alv,43,9.0,1.0,0.279100418,6.503479,1.9537304001103557,True,0.8,6.0,0.8571428571428571,0.7894736842105263,AROMATIC:PHE575;AROMATIC:TYR443;CONTACT:ALA227;CONTACT:ALA228;CONTACT:ARG578;CONTACT:MET408;CONTACT:PHE575;CONTACT:TYR443;HBOND:ALA228;HYDROPHOBIC:MET408;HYDROPHOBIC:PHE575;HYDROPHOBIC:TYR443;POLAR:ARG578;WALKER:ALA227;WALKER:ALA228,15.0,False,False,/workspace/URAT1_NLRP3_DualTarget_AIDD_Project/data/campaigns/c5/02_nlrp3_panel/background/seed43/REP_07837_out.sdf,3.9505667947776892,True,3.3533046387108785,True,6.013409182818013,False,3.075478174203166,True,3.552663226369764,True,3.636554825655739,True,3.476337152808974,True,clinical_acid_background,
REP_06524,nlrp3_7alv,43,9.0,1.0,0.663715839,6.60966253,1.1600520319217433,True,0.92,6.0,0.8571428571428571,0.7894736842105263,AROMATIC:PHE575;AROMATIC:TYR443;CONTACT:ALA227;CONTACT:ALA228;CONTACT:ARG351;CONTACT:ARG578;CONTACT:PHE575;CONTACT:TYR443;HBOND:ALA228;HYDROPHOBIC:PHE575;HYDROPHOBIC:TYR443;POLAR:ARG351;POLAR:ARG578;WALKER:ALA227;WALKER:ALA228,15.0,True,True,/workspace/URAT1_NLRP3_DualTarget_AIDD_Project/data/campaigns/c1/07_clinical_dock/acid_dual_a2/nlrp3_7alv/seed43/REP_06524_out.sdf,3.2885591069646347,True,3.022475475500181,True,3.823041328575985,True,5.093991460534656,False,3.5298624619098113,True,2.9615666462195294,True,3.469664104780174,True,clinical_acid_background,
REP_07055,nlrp3_7alv,43,9.0,1.0,0.524413824,6.99661255,0.6231666524021308,True,0.9375,7.0,1.0,0.9473684210526315,AROMATIC:PHE575;AROMATIC:TYR443;CONTACT:ALA227;CONTACT:ALA228;CONTACT:ARG351;CONTACT:ARG578;CONTACT:MET408;CONTACT:PHE575;CONTACT:TYR443;HBOND:ALA228;HBOND:ARG578;HYDROPHOBIC:MET408;HYDROPHOBIC:PHE575;HYDROPHOBIC:TYR443;POLAR:ARG351;POLAR:ARG578;WALKER:ALA227;WALKER:ALA228,18.0,True,True,/workspace/URAT1_NLRP3_DualTarget_AIDD_Project/data/campaigns/c1/07_clinical_dock/acid_dual_a2/nlrp3_7alv/seed43/REP_07055_out.sdf,3.4642629807796075,True,3.2021388164787528,True,4.071914905790637,True,3.8016971210237145,True,3.083806414157674,True,3.299284467880872,True,2.881313936383885,True,clinical_acid_background,
REP_07300,nlrp3_7alv,43,9.0,1.0,0.792185307,6.85472822,1.1224225438334499,True,0.8648648648648649,6.0,0.8571428571428571,0.8947368421052632,AROMATIC:PHE575;AROMATIC:TYR443;CONTACT:ALA227;CONTACT:ALA228;CONTACT:ARG351;CONTACT:ARG578;CONTACT:PHE575;CONTACT:TYR443;HBOND:ALA228;HBOND:ARG351;HBOND:ARG578;HYDROPHOBIC:PHE575;HYDROPHOBIC:TYR443;POLAR:ARG351;POLAR:ARG578;WALKER:ALA227;WALKER:ALA228,17.0,True,True,/workspace/URAT1_NLRP3_DualTarget_AIDD_Project/data/campaigns/c1/07_clinical_dock/acid_dual_a2/nlrp3_7alv/seed43/REP_07300_out.sdf,3.3058414965028238,True,3.0181925054575283,True,3.1093415701720564,True,4.605100867516367,False,3.8061992853764246,True,3.048639040621243,True,2.9977386477143058,True,clinical_acid_background,
REP_00992,nlrp3_7alv,43,9.0,1.0,0.93566221,7.05368471,0.12914143911261503,True,0.9655172413793104,6.0,0.8571428571428571,0.8421052631578947,AROMATIC:PHE575;AROMATIC:TYR443;CONTACT:ALA227;CONTACT:ALA228;CONTACT:ARG351;CONTACT:ARG578;CONTACT:PHE575;CONTACT:TYR443;HBOND:ALA228;HBOND:ARG351;HYDROPHOBIC:PHE575;HYDROPHOBIC:TYR443;POLAR:ARG351;POLAR:ARG578;WALKER:ALA227;WALKER:ALA228,16.0,True,True,/workspace/URAT1_NLRP3_DualTarget_AIDD_Project/data/campaigns/c1/07_clinical_dock/acid_dual_a2/nlrp3_7alv/seed43/REP_00992_out.sdf,3.4833277192937286,True,2.9204965331258403,True,3.2186812516930012,True,5.0129194088874,False,3.0135829173925197,True,3.5562460544793537,True,3.6168818061971524,True,clinical_acid_background,
REP_02001,nlrp3_7alv,43,9.0,1.0,0.298623949,5.74935007,3.3700602761796183,True,0.6571428571428571,5.0,0.7142857142857143,0.6842105263157895,AROMATIC:PHE575;CONTACT:ALA227;CONTACT:ALA228;CONTACT:ARG351;CONTACT:ARG578;CONTACT:PHE575;HBOND:ALA228;HBOND:ARG351;HYDROPHOBIC:PHE575;POLAR:ARG351;POLAR:ARG578;WALKER:ALA227;WALKER:ALA228,13.0,False,False,/workspace/URAT1_NLRP3_DualTarget_AIDD_Project/data/campaigns/c1/07_clinical_dock/acid_dual_a2/nlrp3_7alv/seed43/REP_02001_out.sdf,3.3957919547581312,True,3.057677877082539,True,3.258164667416308,True,6.8787442894760975,False,6.850928915118011,False,3.4050632886922974,True,3.579262214479404,True,clinical_acid_background,
NP3-146,nlrp3_7alv,44,9.0,1.0,0.964986026,7.40845537,0.41129530893677313,True,1.0,6.0,0.8571428571428571,0.8421052631578947,AROMATIC:PHE575;CONTACT:ALA227;CONTACT:ALA228;CONTACT:ARG351;CONTACT:ARG578;CONTACT:MET408;CONTACT:PHE575;HBOND:ALA228;HBOND:ARG351;HBOND:ARG578;HYDROPHOBIC:MET408;HYDROPHOBIC:PHE575;POLAR:ARG351;POLAR:ARG578;WALKER:ALA227;WALKER:ALA228,16.0,True,True,/workspace/URAT1_NLRP3_DualTarget_AIDD_Project/data/campaigns/c5/02_nlrp3_panel/positives/seed44/NP3-146_out.sdf,3.2375543238685665,True,3.0482870599731857,True,2.6555677359088374,True,3.518349897324027,True,4.516310551766784,False,3.2803995183513837,True,2.7961693439418096,True,positive,
MCC950,nlrp3_7alv,44,9.0,1.0,0.959316909,7.07810259,0.409563962750868,True,1.0,6.0,0.8571428571428571,0.8947368421052632,AROMATIC:PHE575;AROMATIC:TYR443;CONTACT:ALA227;CONTACT:ALA228;CONTACT:ARG351;CONTACT:ARG578;CONTACT:PHE575;CONTACT:TYR443;HBOND:ALA228;HBOND:ARG351;HBOND:ARG578;HYDROPHOBIC:PHE575;HYDROPHOBIC:TYR443;POLAR:ARG351;POLAR:ARG578;WALKER:ALA227;WALKER:ALA228,17.0,True,True,/workspace/URAT1_NLRP3_DualTarget_AIDD_Project/data/campaigns/c5/02_nlrp3_panel/positives/seed44/MCC950_out.sdf,3.2194355095264844,True,3.1890682024691874,True,2.8716409942748813,True,5.040943264905886,False,3.3907748377030287,True,3.4346617009539693,True,3.0209510092022365,True,positive,
CHEMBL4204644,nlrp3_7alv,44,9.0,1.0,0.823227108,6.70013666,0.3714543946822276,True,1.0,6.0,0.8571428571428571,0.8421052631578947,AROMATIC:PHE575;AROMATIC:TYR443;CONTACT:ALA227;CONTACT:ALA228;CONTACT:ARG351;CONTACT:ARG578;CONTACT:PHE575;CONTACT:TYR443;HBOND:ARG351;HBOND:ARG578;HYDROPHOBIC:PHE575;HYDROPHOBIC:TYR443;POLAR:ARG351;POLAR:ARG578;WALKER:ALA227;WALKER:ALA228,16.0,True,True,/workspace/URAT1_NLRP3_DualTarget_AIDD_Project/data/campaigns/c5/02_nlrp3_panel/positives/seed44/CHEMBL4204644_out.sdf,3.2376377190785304,True,3.2855226372679245,True,3.1128042020017928,True,4.825399879802712,False,3.2446719402737725,True,3.3537216640621796,True,2.8026721178189944,True,positive,
CHEMBL5219789,nlrp3_7alv,44,9.0,1.0,0.897835195,7.2028923,0.24088573216601633,True,1.0,6.0,0.8571428571428571,0.8421052631578947,AROMATIC:PHE575;AROMATIC:TYR443;CONTACT:ALA227;CONTACT:ALA228;CONTACT:ARG351;CONTACT:ARG578;CONTACT:PHE575;CONTACT:TYR443;HBOND:ARG351;HBOND:ARG578;HYDROPHOBIC:PHE575;HYDROPHOBIC:TYR443;POLAR:ARG351;POLAR:ARG578;WALKER:ALA227;WALKER:ALA228,16.0,True,True,/workspace/URAT1_NLRP3_DualTarget_AIDD_Project/data/campaigns/c5/02_nlrp3_panel/positives/seed44/CHEMBL5219789_out.sdf,3.2625710720228085,True,3.199905467353675,True,3.0552849294296647,True,4.820210472583122,False,3.4607249240585403,True,3.461510652879753,True,2.8038584129730966,True,positive,
CHEMBL4212407,nlrp3_7alv,44,9.0,1.0,0.949628472,7.03368521,0.3223312928901538,True,1.0,6.0,0.8571428571428571,0.8947368421052632,AROMATIC:PHE575;AROMATIC:TYR443;CONTACT:ALA227;CONTACT:ALA228;CONTACT:ARG351;CONTACT:ARG578;CONTACT:PHE575;CONTACT:TYR443;HBOND:ALA228;HBOND:ARG351;HBOND:ARG578;HYDROPHOBIC:PHE575;HYDROPHOBIC:TYR443;POLAR:ARG351;POLAR:ARG578;WALKER:ALA227;WALKER:ALA228,17.0,True,True,/workspace/URAT1_NLRP3_DualTarget_AIDD_Project/data/campaigns/c5/02_nlrp3_panel/positives/seed44/CHEMBL4212407_out.sdf,3.1852047029979187,True,3.1066588161560187,True,2.7989389060856635,True,4.866439458166516,False,3.443132730523182,True,3.3678803422924632,True,2.834083626147963,True,positive,
CHEMBL6143743,nlrp3_7alv,44,9.0,1.0,0.950206518,7.08784628,1.2682188314695295,True,0.9117647058823529,6.0,0.8571428571428571,0.8947368421052632,AROMATIC:PHE575;AROMATIC:TYR443;CONTACT:ALA227;CONTACT:ALA228;CONTACT:ARG351;CONTACT:ARG578;CONTACT:PHE575;CONTACT:TYR443;HBOND:ALA228;HBOND:ARG351;HBOND:ARG578;HYDROPHOBIC:PHE575;HYDROPHOBIC:TYR443;POLAR:ARG351;POLAR:ARG578;WALKER:ALA227;WALKER:ALA228,17.0,True,True,/workspace/URAT1_NLRP3_DualTarget_AIDD_Project/data/campaigns/c5/02_nlrp3_panel/positives/seed44/CHEMBL6143743_out.sdf,3.2064717369719724,True,3.3069874508380064,True,2.9127487018278817,True,4.992848185154441,False,4.47835248724349,True,3.2538604764187373,True,2.855112256987455,True,positive,
CHEMBL4209503,nlrp3_7alv,44,9.0,1.0,0.900377512,6.95419121,0.7640602711384641,True,0.9285714285714286,6.0,0.8571428571428571,0.8947368421052632,AROMATIC:PHE575;AROMATIC:TYR443;CONTACT:ALA227;CONTACT:ALA228;CONTACT:ARG351;CONTACT:ARG578;CONTACT:PHE575;CONTACT:TYR443;HBOND:ALA228;HBOND:ARG351;HBOND:ARG578;HYDROPHOBIC:PHE575;HYDROPHOBIC:TYR443;POLAR:ARG351;POLAR:ARG578;WALKER:ALA227;WALKER:ALA228,17.0,True,True,/workspace/URAT1_NLRP3_DualTarget_AIDD_Project/data/campaigns/c5/02_nlrp3_panel/positives/seed44/CHEMBL4209503_out.sdf,3.3660680325863903,True,2.9591801229394576,True,3.1125605214999457,True,4.595589624846847,False,3.274257473076911,True,3.366836645873987,True,2.8259633755588562,True,positive,
CHEMBL4216836,nlrp3_7alv,44,9.0,1.0,0.946865976,7.0339241,0.3336442966624532,True,1.0,6.0,0.8571428571428571,0.8947368421052632,AROMATIC:PHE575;AROMATIC:TYR443;CONTACT:ALA227;CONTACT:ALA228;CONTACT:ARG351;CONTACT:ARG578;CONTACT:PHE575;CONTACT:TYR443;HBOND:ALA228;HBOND:ARG351;HBOND:ARG578;HYDROPHOBIC:PHE575;HYDROPHOBIC:TYR443;POLAR:ARG351;POLAR:ARG578;WALKER:ALA227;WALKER:ALA228,17.0,True,True,/workspace/URAT1_NLRP3_DualTarget_AIDD_Project/data/campaigns/c5/02_nlrp3_panel/positives/seed44/CHEMBL4216836_out.sdf,3.1921091773308774,True,3.0697714898669393,True,2.8100437719010736,True,4.84685526914101,False,3.4343703935364895,True,3.3118364995875007,True,2.852768129378897,True,positive,
CHEMBL6171925,nlrp3_7alv,44,9.0,1.0,0.97237438,7.40603399,0.6186899195097182,True,0.9696969696969697,6.0,0.8571428571428571,0.8947368421052632,AROMATIC:PHE575;AROMATIC:TYR443;CONTACT:ALA227;CONTACT:ALA228;CONTACT:ARG351;CONTACT:ARG578;CONTACT:PHE575;CONTACT:TYR443;HBOND:ALA228;HBOND:ARG351;HBOND:ARG578;HYDROPHOBIC:PHE575;HYDROPHOBIC:TYR443;POLAR:ARG351;POLAR:ARG578;WALKER:ALA227;WALKER:ALA228,17.0,True,True,/workspace/URAT1_NLRP3_DualTarget_AIDD_Project/data/campaigns/c5/02_nlrp3_panel/positives/seed44/CHEMBL6171925_out.sdf,3.2283392015090446,True,3.216801050733486,True,2.91715203580479,True,5.085972375072442,False,3.695449228443001,True,3.1611309684984574,True,2.982092889230655,True,positive,
C5W4D_001,nlrp3_7alv,44,9.0,1.0,0.376093984,6.51302862,2.4605420853607023,True,0.5555555555555556,6.0,0.8571428571428571,0.8421052631578947,AROMATIC:PHE575;AROMATIC:TYR443;CONTACT:ALA227;CONTACT:ALA228;CONTACT:ARG578;CONTACT:MET408;CONTACT:PHE575;CONTACT:TYR443;HBOND:ALA228;HBOND:ARG578;HYDROPHOBIC:MET408;HYDROPHOBIC:PHE575;HYDROPHOBIC:TYR443;POLAR:ARG578;WALKER:ALA227;WALKER:ALA228,16.0,False,False,/workspace/URAT1_NLRP3_DualTarget_AIDD_Project/data/campaigns/c5/02_nlrp3_panel/decoys/seed44/C5W4D_001_out.sdf,3.4644002366932067,True,2.978007723294223,True,5.09481275416477,False,4.3801413219210215,True,4.403846159892504,True,3.296706538350052,True,3.079122277533002,True,decoy,
C5W4D_002,,44,,,,,,,,,,,,,False,False,/workspace/URAT1_NLRP3_DualTarget_AIDD_Project/data/campaigns/c5/02_nlrp3_panel/decoys/seed44/C5W4D_002_out.sdf,,,,,,,,,,,,,,,decoy,empty_or_missing_sdf
C5W4D_003,nlrp3_7alv,44,9.0,1.0,0.418118417,6.07322884,1.6634533408085912,True,0.8571428571428571,5.0,0.7142857142857143,0.6842105263157895,AROMATIC:PHE575;AROMATIC:TYR443;CONTACT:ALA227;CONTACT:ALA228;CONTACT:ARG578;CONTACT:PHE575;CONTACT:TYR443;HBOND:ARG578;HYDROPHOBIC:PHE575;HYDROPHOBIC:TYR443;POLAR:ARG578;WALKER:ALA227;WALKER:ALA228,13.0,False,False,/workspace/URAT1_NLRP3_DualTarget_AIDD_Project/data/campaigns/c5/02_nlrp3_panel/decoys/seed44/C5W4D_003_out.sdf,3.8496225789030367,True,3.1200964728674614,True,5.719139620607284,False,5.504508152414711,False,3.4301774006602055,True,4.031533331128493,True,2.8292490169654623,True,decoy,
C5W4D_004,nlrp3_7alv,44,9.0,1.0,0.391030282,6.07402086,5.820980709139246,True,0.5517241379310345,5.0,0.7142857142857143,0.5789473684210527,AROMATIC:PHE575;CONTACT:ALA227;CONTACT:ALA228;CONTACT:ARG351;CONTACT:ARG578;CONTACT:PHE575;HYDROPHOBIC:PHE575;POLAR:ARG351;POLAR:ARG578;WALKER:ALA227;WALKER:ALA228,11.0,False,False,/workspace/URAT1_NLRP3_DualTarget_AIDD_Project/data/campaigns/c5/02_nlrp3_panel/decoys/seed44/C5W4D_004_out.sdf,3.756010250252267,True,3.41816471223959,True,4.1684449138737625,True,6.56063845978423,False,6.884641820748559,False,4.31669723283901,True,3.4795761236104634,True,decoy,
C5W4D_005,nlrp3_7alv,44,9.0,1.0,0.606752396,5.64383268,4.5663113277961696,True,0.5666666666666667,2.0,0.2857142857142857,0.2631578947368421,CONTACT:ALA227;CONTACT:ARG578;HBOND:ARG578;POLAR:ARG578;WALKER:ALA227,5.0,True,False,/workspace/URAT1_NLRP3_DualTarget_AIDD_Project/data/campaigns/c5/02_nlrp3_panel/decoys/seed44/C5W4D_005_out.sdf,3.526289125979327,True,5.086166827779045,False,6.184919158727944,False,6.952032508554605,False,8.945262768639052,False,5.1711612815691606,False,2.9909827816288064,True,decoy,
C5W4D_006,nlrp3_7alv,44,9.0,1.0,0.708113015,6.14614534,3.3829506685616257,True,0.5172413793103449,3.0,0.42857142857142855,0.35,CONTACT:ALA227;CONTACT:ALA228;CONTACT:ARG578;HBOND:ALA227;HBOND:ARG578;POLAR:ARG578;WALKER:ALA227;WALKER:ALA228,8.0,True,False,/workspace/URAT1_NLRP3_DualTarget_AIDD_Project/data/campaigns/c5/02_nlrp3_panel/decoys/seed44/C5W4D_006_out.sdf,3.062778640385223,True,3.2505885620914783,True,6.666266271309602,False,4.77058518423055,False,4.832032491612608,False,4.978955010843138,False,2.8980445131156976,True,decoy,
C5W4D_007,nlrp3_7alv,44,9.0,1.0,0.294279695,6.05422831,4.253769786753756,True,0.6129032258064516,2.0,0.2857142857142857,0.21052631578947367,CONTACT:ALA227;CONTACT:ARG578;POLAR:ARG578;WALKER:ALA227,4.0,False,False,/workspace/URAT1_NLRP3_DualTarget_AIDD_Project/data/campaigns/c5/02_nlrp3_panel/decoys/seed44/C5W4D_007_out.sdf,2.7597199133245454,True,4.925926308827614,False,5.5902749485155,False,6.626496585677832,False,10.341873814739762,False,5.950540647705887,False,3.55205194218778,True,decoy,
C5W4D_008,nlrp3_7alv,44,9.0,1.0,0.109018885,6.34901047,2.2396322461493137,True,0.7,6.0,0.8571428571428571,0.7894736842105263,AROMATIC:PHE575;AROMATIC:TYR443;CONTACT:ALA227;CONTACT:ALA228;CONTACT:ARG351;CONTACT:ARG578;CONTACT:PHE575;CONTACT:TYR443;HBOND:ARG578;HYDROPHOBIC:PHE575;HYDROPHOBIC:TYR443;POLAR:ARG351;POLAR:ARG578;WALKER:ALA227;WALKER:ALA228,15.0,False,False,/workspace/URAT1_NLRP3_DualTarget_AIDD_Project/data/campaigns/c5/02_nlrp3_panel/decoys/seed44/C5W4D_008_out.sdf,3.3501626826170736,True,3.1283044928523096,True,4.062282732651684,True,4.689344623718758,False,4.4840965645266815,True,3.6987054492078717,True,3.0254670713792247,True,decoy,
C5W4D_009,nlrp3_7alv,44,9.0,1.0,0.819147229,6.88359594,1.356136470983766,True,0.9032258064516129,6.0,0.8571428571428571,0.8421052631578947,AROMATIC:PHE575;CONTACT:ALA227;CONTACT:ALA228;CONTACT:ARG351;CONTACT:ARG578;CONTACT:MET408;CONTACT:PHE575;HBOND:ALA228;HBOND:ARG351;HBOND:ARG578;HYDROPHOBIC:MET408;HYDROPHOBIC:PHE575;POLAR:ARG351;POLAR:ARG578;WALKER:ALA227;WALKER:ALA228,16.0,True,True,/workspace/URAT1_NLRP3_DualTarget_AIDD_Project/data/campaigns/c5/02_nlrp3_panel/decoys/seed44/C5W4D_009_out.sdf,3.3142516500712524,True,3.1418836706663873,True,3.157638358013789,True,4.176716892488642,True,6.049795781677259,False,3.35322367282589,True,3.2301373035832412,True,decoy,
C5W4D_010,nlrp3_7alv,44,9.0,1.0,0.713229537,6.52672195,2.2452953263387663,True,0.7878787878787878,5.0,0.7142857142857143,0.6842105263157895,AROMATIC:PHE575;AROMATIC:TYR443;CONTACT:ALA227;CONTACT:ALA228;CONTACT:ARG578;CONTACT:PHE575;CONTACT:TYR443;HBOND:ALA228;HYDROPHOBIC:PHE575;HYDROPHOBIC:TYR443;POLAR:ARG578;WALKER:ALA227;WALKER:ALA228,13.0,True,True,/workspace/URAT1_NLRP3_DualTarget_AIDD_Project/data/campaigns/c5/02_nlrp3_panel/decoys/seed44/C5W4D_010_out.sdf,3.2097689948032166,True,2.9145636036978075,True,5.012119212468915,False,4.7866790157686605,False,3.5976078163135004,True,3.491077484101434,True,3.6314468191066793,True,decoy,
C5W4D_011,nlrp3_7alv,44,9.0,1.0,0.129589066,5.99239874,1.9676760190362157,True,0.71875,6.0,0.8571428571428571,0.7894736842105263,AROMATIC:PHE575;AROMATIC:TYR443;CONTACT:ALA227;CONTACT:ALA228;CONTACT:ARG351;CONTACT:ARG578;CONTACT:PHE575;CONTACT:TYR443;HBOND:ARG578;HYDROPHOBIC:PHE575;HYDROPHOBIC:TYR443;POLAR:ARG351;POLAR:ARG578;WALKER:ALA227;WALKER:ALA228,15.0,False,False,/workspace/URAT1_NLRP3_DualTarget_AIDD_Project/data/campaigns/c5/02_nlrp3_panel/decoys/seed44/C5W4D_011_out.sdf,3.415972043211137,True,3.0143531644450547,True,3.382034003377257,True,5.3567647885640834,False,3.396306376050313,True,3.711880116598593,True,2.890495805220963,True,decoy,
C5W4D_012,nlrp3_7alv,44,9.0,1.0,0.396785259,5.50088692,3.125827835432681,True,0.6666666666666666,4.0,0.5714285714285714,0.47368421052631576,AROMATIC:PHE575;CONTACT:ALA227;CONTACT:ALA228;CONTACT:ARG578;CONTACT:PHE575;HYDROPHOBIC:PHE575;POLAR:ARG578;WALKER:ALA227;WALKER:ALA228,9.0,False,False,/workspace/URAT1_NLRP3_DualTarget_AIDD_Project/data/campaigns/c5/02_nlrp3_panel/decoys/seed44/C5W4D_012_out.sdf,3.0946891604812317,True,4.246805269846967,True,6.2474642055797345,False,4.730447864631846,False,5.251222905190747,False,3.6181879442616016,True,3.439109913916683,True,decoy,
C5W4D_013,nlrp3_7alv,44,9.0,1.0,0.485550642,6.99529886,1.3201384277156625,True,0.8787878787878788,6.0,0.8571428571428571,0.7894736842105263,AROMATIC:PHE575;AROMATIC:TYR443;CONTACT:ALA227;CONTACT:ALA228;CONTACT:ARG578;CONTACT:MET408;CONTACT:PHE575;CONTACT:TYR443;HBOND:ALA228;HYDROPHOBIC:MET408;HYDROPHOBIC:PHE575;HYDROPHOBIC:TYR443;POLAR:ARG578;WALKER:ALA227;WALKER:ALA228,15.0,False,False,/workspace/URAT1_NLRP3_DualTarget_AIDD_Project/data/campaigns/c5/02_nlrp3_panel/decoys/seed44/C5W4D_013_out.sdf,3.1131318635740524,True,2.826615997973555,True,4.67524234665969,False,3.740300255327105,True,3.718863939430965,True,3.200606661244085,True,4.124164036504852,True,decoy,
C5W4D_014,nlrp3_7alv,44,9.0,1.0,0.713621914,6.19698477,2.8431991613089695,True,0.5862068965517241,5.0,0.7142857142857143,0.631578947368421,AROMATIC:PHE575;CONTACT:ALA227;CONTACT:ALA228;CONTACT:ARG578;CONTACT:MET408;CONTACT:PHE575;HBOND:ALA228;HYDROPHOBIC:MET408;HYDROPHOBIC:PHE575;POLAR:ARG578;WALKER:ALA227;WALKER:ALA228,12.0,True,True,/workspace/URAT1_NLRP3_DualTarget_AIDD_Project/data/campaigns/c5/02_nlrp3_panel/decoys/seed44/C5W4D_014_out.sdf,3.2577951132629646,True,2.9129562303611607,True,5.4558428313139675,False,3.9485535326243184,True,4.801716776320739,False,3.531035117355816,True,3.491294029439513,True,decoy,
C5W4D_015,nlrp3_7alv,44,9.0,1.0,0.695280254,6.99487066,0.35360950122988627,True,0.8125,6.0,0.8571428571428571,0.7894736842105263,AROMATIC:PHE575;AROMATIC:TYR443;CONTACT:ALA227;CONTACT:ALA228;CONTACT:ARG351;CONTACT:ARG578;CONTACT:PHE575;CONTACT:TYR443;HBOND:ALA228;HYDROPHOBIC:PHE575;HYDROPHOBIC:TYR443;POLAR:ARG351;POLAR:ARG578;WALKER:ALA227;WALKER:ALA228,15.0,True,True,/workspace/URAT1_NLRP3_DualTarget_AIDD_Project/data/campaigns/c5/02_nlrp3_panel/decoys/seed44/C5W4D_015_out.sdf,3.7476415250127766,True,3.2729367546593364,True,3.4526062619418454,True,4.6232915763555305,False,3.0027976954833266,True,3.4991257479547606,True,3.3752105119532927,True,decoy,
C5W4D_016,nlrp3_7alv,44,9.0,1.0,0.230166599,5.34326696,4.308485542183655,True,0.5714285714285714,2.0,0.2857142857142857,0.2631578947368421,CONTACT:ALA227;CONTACT:ARG578;HBOND:ARG578;POLAR:ARG578;WALKER:ALA227,5.0,False,False,/workspace/URAT1_NLRP3_DualTarget_AIDD_Project/data/campaigns/c5/02_nlrp3_panel/decoys/seed44/C5W4D_016_out.sdf,3.2292996144675143,True,6.175286066248275,False,6.268421970480296,False,7.535712706838019,False,9.510878455747395,False,5.633451961275607,False,3.1282538260185975,True,decoy,
C5W4D_017,nlrp3_7alv,44,9.0,1.0,0.249378964,5.67012405,5.395697341899976,True,0.43333333333333335,2.0,0.2857142857142857,0.21052631578947367,CONTACT:ALA227;CONTACT:ARG578;POLAR:ARG578;WALKER:ALA227,4.0,False,False,/workspace/URAT1_NLRP3_DualTarget_AIDD_Project/data/campaigns/c5/02_nlrp3_panel/decoys/seed44/C5W4D_017_out.sdf,3.484579171148209,True,6.26761820790002,False,6.346708201894901,False,6.78751368322746,False,9.563843421972148,False,6.381036749619922,False,3.7439286852182465,True,decoy,
C5W4D_018,nlrp3_7alv,44,9.0,1.0,0.781785011,7.12710619,2.840669901446845,True,0.5714285714285714,5.0,0.7142857142857143,0.6842105263157895,AROMATIC:PHE575;AROMATIC:TYR443;CONTACT:ALA227;CONTACT:ALA228;CONTACT:ARG578;CONTACT:PHE575;CONTACT:TYR443;HBOND:ARG578;HYDROPHOBIC:PHE575;HYDROPHOBIC:TYR443;POLAR:ARG578;WALKER:ALA227;WALKER:ALA228,13.0,True,True,/workspace/URAT1_NLRP3_DualTarget_AIDD_Project/data/campaigns/c5/02_nlrp3_panel/decoys/seed44/C5W4D_018_out.sdf,4.028099924281914,True,3.7982126059503183,True,7.111893418773937,False,5.71651029912481,False,3.4616662173005626,True,4.017955325784497,True,2.886540143493591,True,decoy,
C5W4D_019,nlrp3_7alv,44,9.0,1.0,0.594165564,6.98805094,2.1101507898214322,True,0.8709677419354839,6.0,0.8571428571428571,0.7368421052631579,AROMATIC:PHE575;AROMATIC:TYR443;CONTACT:ALA227;CONTACT:ALA228;CONTACT:ARG578;CONTACT:MET408;CONTACT:PHE575;CONTACT:TYR443;HYDROPHOBIC:MET408;HYDROPHOBIC:PHE575;HYDROPHOBIC:TYR443;POLAR:ARG578;WALKER:ALA227;WALKER:ALA228,14.0,True,True,/workspace/URAT1_NLRP3_DualTarget_AIDD_Project/data/campaigns/c5/02_nlrp3_panel/decoys/seed44/C5W4D_019_out.sdf,3.686593820859587,True,3.187464352741834,True,5.642740734784823,False,3.43951580894753,True,3.9479711245144595,True,3.558214439856039,True,3.3025765698920644,True,decoy,
C5W4D_020,nlrp3_7alv,44,9.0,1.0,0.36818254,5.95966959,1.384284503411258,True,0.84375,5.0,0.7142857142857143,0.6842105263157895,AROMATIC:PHE575;AROMATIC:TYR443;CONTACT:ALA227;CONTACT:ALA228;CONTACT:ARG578;CONTACT:PHE575;CONTACT:TYR443;HBOND:ARG578;HYDROPHOBIC:PHE575;HYDROPHOBIC:TYR443;POLAR:ARG578;WALKER:ALA227;WALKER:ALA228,13.0,False,False,/workspace/URAT1_NLRP3_DualTarget_AIDD_Project/data/campaigns/c5/02_nlrp3_panel/decoys/seed44/C5W4D_020_out.sdf,3.8578145367552477,True,3.3739761409944653,True,6.758003995263692,False,4.606922400041054,False,3.0648983669935927,True,3.122478022340591,True,2.8016948441969944,True,decoy,
C5W4D_021,nlrp3_7alv,44,9.0,1.0,0.358687997,6.41763878,0.514751034268869,True,1.0,6.0,0.8571428571428571,0.7894736842105263,AROMATIC:PHE575;AROMATIC:TYR443;CONTACT:ALA227;CONTACT:ALA228;CONTACT:ARG351;CONTACT:ARG578;CONTACT:PHE575;CONTACT:TYR443;HBOND:ALA228;HYDROPHOBIC:PHE575;HYDROPHOBIC:TYR443;POLAR:ARG351;POLAR:ARG578;WALKER:ALA227;WALKER:ALA228,15.0,False,False,/workspace/URAT1_NLRP3_DualTarget_AIDD_Project/data/campaigns/c5/02_nlrp3_panel/decoys/seed44/C5W4D_021_out.sdf,3.35584549703946,True,2.7924917188776024,True,3.80017065406279,True,4.795395812651966,False,3.4360944399128486,True,3.2574539137185012,True,3.5029479014110354,True,decoy,
C5W4D_022,,44,,,,,,,,,,,,,False,False,/workspace/URAT1_NLRP3_DualTarget_AIDD_Project/data/campaigns/c5/02_nlrp3_panel/decoys/seed44/C5W4D_022_out.sdf,,,,,,,,,,,,,,,decoy,empty_or_missing_sdf
C5W4D_023,nlrp3_7alv,44,9.0,1.0,0.404786676,6.79567957,2.8763146006196165,True,0.8064516129032258,4.0,0.5714285714285714,0.5789473684210527,AROMATIC:PHE575;AROMATIC:TYR443;CONTACT:ALA228;CONTACT:ARG578;CONTACT:PHE575;CONTACT:TYR443;HBOND:ARG578;HYDROPHOBIC:PHE575;HYDROPHOBIC:TYR443;POLAR:ARG578;WALKER:ALA228,11.0,False,False,/workspace/URAT1_NLRP3_DualTarget_AIDD_Project/data/campaigns/c5/02_nlrp3_panel/decoys/seed44/C5W4D_023_out.sdf,4.614750372447039,False,3.0096225676984787,True,6.546821366128758,False,5.191434580152197,False,4.4974804057383,True,3.5481242932005688,True,2.9426087065731332,True,decoy,
C5W4D_024,nlrp3_7alv,44,9.0,1.0,0.376610309,5.93679285,1.3754058544501293,True,0.8125,6.0,0.8571428571428571,0.8,AROMATIC:PHE575;AROMATIC:TYR443;CONTACT:ALA227;CONTACT:ALA228;CONTACT:ARG578;CONTACT:MET408;CONTACT:PHE575;CONTACT:TYR443;HBOND:ALA228;HBOND:ARG578;HBOND:TYR443;HYDROPHOBIC:MET408;HYDROPHOBIC:PHE575;HYDROPHOBIC:TYR443;POLAR:ARG578;WALKER:ALA227;WALKER:ALA228,17.0,False,False,/workspace/URAT1_NLRP3_DualTarget_AIDD_Project/data/campaigns/c5/02_nlrp3_panel/decoys/seed44/C5W4D_024_out.sdf,4.221262133533063,True,2.828619451251792,True,5.752898660675331,False,4.405075822275933,True,3.044303697070973,True,3.599468571886686,True,2.8400390842381054,True,decoy,
C5W4D_025,nlrp3_7alv,44,9.0,1.0,0.515949607,6.65402079,2.4842603214746566,True,0.6785714285714286,6.0,0.8571428571428571,0.7894736842105263,AROMATIC:PHE575;AROMATIC:TYR443;CONTACT:ALA227;CONTACT:ALA228;CONTACT:ARG578;CONTACT:MET408;CONTACT:PHE575;CONTACT:TYR443;HBOND:ARG578;HYDROPHOBIC:MET408;HYDROPHOBIC:PHE575;HYDROPHOBIC:TYR443;POLAR:ARG578;WALKER:ALA227;WALKER:ALA228,15.0,True,True,/workspace/URAT1_NLRP3_DualTarget_AIDD_Project/data/campaigns/c5/02_nlrp3_panel/decoys/seed44/C5W4D_025_out.sdf,3.6147095318988067,True,3.476435818478455,True,6.074778185250887,False,3.5881952288023564,True,3.753421106137706,True,3.77481509480928,True,2.8958490982784273,True,decoy,
C5W4D_026,,44,,,,,,,,,,,,,False,False,/workspace/URAT1_NLRP3_DualTarget_AIDD_Project/data/campaigns/c5/02_nlrp3_panel/decoys/seed44/C5W4D_026_out.sdf,,,,,,,,,,,,,,,decoy,empty_or_missing_sdf
C5W4D_027,,44,,,,,,,,,,,,,False,False,/workspace/URAT1_NLRP3_DualTarget_AIDD_Project/data/campaigns/c5/02_nlrp3_panel/decoys/seed44/C5W4D_027_out.sdf,,,,,,,,,,,,,,,decoy,empty_or_missing_sdf
C5W4D_028,nlrp3_7alv,44,9.0,1.0,0.355850309,5.83831644,3.9420278122038805,True,0.9259259259259259,5.0,0.7142857142857143,0.6842105263157895,AROMATIC:PHE575;CONTACT:ALA227;CONTACT:ALA228;CONTACT:ARG351;CONTACT:ARG578;CONTACT:PHE575;HBOND:ARG351;HBOND:ARG578;HYDROPHOBIC:PHE575;POLAR:ARG351;POLAR:ARG578;WALKER:ALA227;WALKER:ALA228,13.0,False,False,/workspace/URAT1_NLRP3_DualTarget_AIDD_Project/data/campaigns/c5/02_nlrp3_panel/decoys/seed44/C5W4D_028_out.sdf,4.227036432300992,True,4.483641488790116,True,3.0667264305770767,True,6.288342229872672,False,8.801785103034499,False,4.357265885850894,True,3.4816589436646455,True,decoy,
C5W4D_029,,44,,,,,,,,,,,,,False,False,/workspace/URAT1_NLRP3_DualTarget_AIDD_Project/data/campaigns/c5/02_nlrp3_panel/decoys/seed44/C5W4D_029_out.sdf,,,,,,,,,,,,,,,decoy,empty_or_missing_sdf
C5W4D_030,nlrp3_7alv,44,9.0,1.0,0.480790526,6.01996946,1.7435515541172288,True,0.8709677419354839,5.0,0.7142857142857143,0.6842105263157895,AROMATIC:PHE575;AROMATIC:TYR443;CONTACT:ALA227;CONTACT:ALA228;CONTACT:ARG578;CONTACT:PHE575;CONTACT:TYR443;HBOND:ARG578;HYDROPHOBIC:PHE575;HYDROPHOBIC:TYR443;POLAR:ARG578;WALKER:ALA227;WALKER:ALA228,13.0,False,False,/workspace/URAT1_NLRP3_DualTarget_AIDD_Project/data/campaigns/c5/02_nlrp3_panel/decoys/seed44/C5W4D_030_out.sdf,3.924460982096788,True,3.76658081023094,True,5.76411545685893,False,5.6962845785652245,False,3.386716846741099,True,3.473029945163155,True,2.8995589319756934,True,decoy,
C5W4D_031,nlrp3_7alv,44,9.0,1.0,0.275836498,5.99188995,2.5220622053896293,True,0.6774193548387096,5.0,0.7142857142857143,0.6842105263157895,AROMATIC:PHE575;AROMATIC:TYR443;CONTACT:ALA227;CONTACT:ALA228;CONTACT:ARG578;CONTACT:PHE575;CONTACT:TYR443;HBOND:ALA228;HYDROPHOBIC:PHE575;HYDROPHOBIC:TYR443;POLAR:ARG578;WALKER:ALA227;WALKER:ALA228,13.0,False,False,/workspace/URAT1_NLRP3_DualTarget_AIDD_Project/data/campaigns/c5/02_nlrp3_panel/decoys/seed44/C5W4D_031_out.sdf,3.232276287695729,True,3.14031988816425,True,5.564278030436651,False,5.400800125907277,False,3.423307903183702,True,3.051646932395684,True,3.5364425628023395,True,decoy,
C5W4D_032,nlrp3_7alv,44,9.0,1.0,0.642105639,6.36258316,2.532507726263396,True,0.5555555555555556,5.0,0.7142857142857143,0.65,AROMATIC:PHE575;AROMATIC:TYR443;CONTACT:ALA227;CONTACT:ALA228;CONTACT:ARG578;CONTACT:PHE575;CONTACT:TYR443;HBOND:ALA227;HBOND:ALA228;HYDROPHOBIC:PHE575;HYDROPHOBIC:TYR443;POLAR:ARG578;WALKER:ALA227;WALKER:ALA228,14.0,True,True,/workspace/URAT1_NLRP3_DualTarget_AIDD_Project/data/campaigns/c5/02_nlrp3_panel/decoys/seed44/C5W4D_032_out.sdf,3.1916870147306047,True,3.3292701902969615,True,6.619906494807914,False,4.7264115351924225,False,3.569354703584382,True,3.5678815843578673,True,3.656163426325472,True,decoy,
C5W4D_033,nlrp3_7alv,44,9.0,1.0,0.425929129,5.76308107,2.357975728496433,True,0.6296296296296297,5.0,0.7142857142857143,0.6842105263157895,AROMATIC:PHE575;AROMATIC:TYR443;CONTACT:ALA227;CONTACT:ALA228;CONTACT:ARG578;CONTACT:PHE575;CONTACT:TYR443;HBOND:ARG578;HYDROPHOBIC:PHE575;HYDROPHOBIC:TYR443;POLAR:ARG578;WALKER:ALA227;WALKER:ALA228,13.0,False,False,/workspace/URAT1_NLRP3_DualTarget_AIDD_Project/data/campaigns/c5/02_nlrp3_panel/decoys/seed44/C5W4D_033_out.sdf,3.1003736871545096,True,3.30125824497266,True,6.959063011641729,False,4.98691146903572,False,3.2429415659243643,True,3.710435419192737,True,3.154401052497928,True,decoy,
C5W4D_034,nlrp3_7alv,44,9.0,1.0,0.303771704,6.70739317,1.6501055106354114,True,0.7666666666666667,6.0,0.8571428571428571,0.7894736842105263,AROMATIC:PHE575;AROMATIC:TYR443;CONTACT:ALA227;CONTACT:ALA228;CONTACT:ARG578;CONTACT:MET408;CONTACT:PHE575;CONTACT:TYR443;HBOND:ARG578;HYDROPHOBIC:MET408;HYDROPHOBIC:PHE575;HYDROPHOBIC:TYR443;POLAR:ARG578;WALKER:ALA227;WALKER:ALA228,15.0,False,False,/workspace/URAT1_NLRP3_DualTarget_AIDD_Project/data/campaigns/c5/02_nlrp3_panel/decoys/seed44/C5W4D_034_out.sdf,3.5383979425723293,True,4.375801755107282,True,5.756253382192274,False,4.303003021146976,True,3.326026157443737,True,3.320150297802794,True,3.0092590450142396,True,decoy,
C5W4D_035,nlrp3_7alv,44,9.0,1.0,0.302200913,6.8211751,2.500894483290123,True,0.6470588235294118,5.0,0.7142857142857143,0.6,AROMATIC:PHE575;AROMATIC:TYR443;CONTACT:ALA227;CONTACT:ALA228;CONTACT:ARG578;CONTACT:PHE575;CONTACT:TYR443;HBOND:TYR443;HYDROPHOBIC:PHE575;HYDROPHOBIC:TYR443;POLAR:ARG578;WALKER:ALA227;WALKER:ALA228,13.0,False,False,/workspace/URAT1_NLRP3_DualTarget_AIDD_Project/data/campaigns/c5/02_nlrp3_panel/decoys/seed44/C5W4D_035_out.sdf,3.728438547166905,True,3.3252502161491413,True,5.853871624830869,False,4.5534025739000965,False,2.945733524947564,True,3.3074899848676784,True,3.366206618732731,True,decoy,
C5W4D_036,nlrp3_7alv,44,9.0,1.0,0.800677061,7.0157814,3.704175841009406,True,0.5517241379310345,4.0,0.5714285714285714,0.47619047619047616,AROMATIC:TYR443;CLASH:ANY;CONTACT:ALA227;CONTACT:ALA228;CONTACT:ARG578;CONTACT:TYR443;HBOND:ALA227;HBOND:ALA228;HYDROPHOBIC:TYR443;POLAR:ARG578;WALKER:ALA227;WALKER:ALA228,12.0,True,False,/workspace/URAT1_NLRP3_DualTarget_AIDD_Project/data/campaigns/c5/02_nlrp3_panel/decoys/seed44/C5W4D_036_out.sdf,1.9358321208203964,True,2.09122595622758,True,7.641433765989206,False,4.931109611436359,False,3.1045738838043406,True,5.04811598519685,False,2.655134271557653,True,decoy,
C5W4D_037,nlrp3_7alv,44,9.0,1.0,0.47590059,6.67298269,1.6202889710122192,True,0.896551724137931,6.0,0.8571428571428571,0.7894736842105263,AROMATIC:PHE575;AROMATIC:TYR443;CONTACT:ALA227;CONTACT:ALA228;CONTACT:ARG351;CONTACT:ARG578;CONTACT:PHE575;CONTACT:TYR443;HBOND:ARG578;HYDROPHOBIC:PHE575;HYDROPHOBIC:TYR443;POLAR:ARG351;POLAR:ARG578;WALKER:ALA227;WALKER:ALA228,15.0,False,False,/workspace/URAT1_NLRP3_DualTarget_AIDD_Project/data/campaigns/c5/02_nlrp3_panel/decoys/seed44/C5W4D_037_out.sdf,4.491610178989273,True,3.1052687484338457,True,4.233441389697043,True,4.567342115497814,False,3.5981154789695142,True,3.827689773218308,True,3.25609919996305,True,decoy,
C5W4D_038,nlrp3_7alv,44,9.0,1.0,0.33522141,6.09297371,2.6252629236440246,True,0.8,5.0,0.7142857142857143,0.7368421052631579,AROMATIC:PHE575;AROMATIC:TYR443;CONTACT:ALA227;CONTACT:ALA228;CONTACT:ARG578;CONTACT:PHE575;CONTACT:TYR443;HBOND:ALA228;HBOND:ARG578;HYDROPHOBIC:PHE575;HYDROPHOBIC:TYR443;POLAR:ARG578;WALKER:ALA227;WALKER:ALA228,14.0,False,False,/workspace/URAT1_NLRP3_DualTarget_AIDD_Project/data/campaigns/c5/02_nlrp3_panel/decoys/seed44/C5W4D_038_out.sdf,3.7809539801484044,True,3.4505734306053992,True,5.7150907254390955,False,5.413233691611698,False,3.353846448482695,True,3.475370483847731,True,2.800015892812041,True,decoy,
C5W4D_039,nlrp3_7alv,44,9.0,1.0,0.543691158,6.62600851,3.7372519846584127,True,0.4838709677419355,4.0,0.5714285714285714,0.47368421052631576,AROMATIC:TYR443;CONTACT:ALA227;CONTACT:ALA228;CONTACT:ARG578;CONTACT:TYR443;HYDROPHOBIC:TYR443;POLAR:ARG578;WALKER:ALA227;WALKER:ALA228,9.0,True,False,/workspace/URAT1_NLRP3_DualTarget_AIDD_Project/data/campaigns/c5/02_nlrp3_panel/decoys/seed44/C5W4D_039_out.sdf,2.8844098183163918,True,3.278212165190035,True,6.993020019991366,False,5.159275142885868,False,3.6615147138854964,True,4.85552849852619,False,3.5910463656154605,True,decoy,
C5W4D_040,nlrp3_7alv,44,9.0,1.0,0.51291734,6.35857725,1.6952743941196067,True,0.7857142857142857,6.0,0.8571428571428571,0.8421052631578947,AROMATIC:PHE575;CONTACT:ALA227;CONTACT:ALA228;CONTACT:ARG351;CONTACT:ARG578;CONTACT:MET408;CONTACT:PHE575;HBOND:ALA228;HBOND:ARG351;HBOND:ARG578;HYDROPHOBIC:MET408;HYDROPHOBIC:PHE575;POLAR:ARG351;POLAR:ARG578;WALKER:ALA227;WALKER:ALA228,16.0,True,True,/workspace/URAT1_NLRP3_DualTarget_AIDD_Project/data/campaigns/c5/02_nlrp3_panel/decoys/seed44/C5W4D_040_out.sdf,3.3302313733433055,True,2.9723542857472567,True,3.0855879504561217,True,4.395267682405701,True,6.1493357364840655,False,3.095029240572696,True,3.047971292515732,True,decoy,
REP_01181,nlrp3_7alv,44,9.0,1.0,0.891969681,7.01095438,0.31145970135138507,True,1.0,7.0,1.0,1.0,AROMATIC:PHE575;AROMATIC:TYR443;CONTACT:ALA227;CONTACT:ALA228;CONTACT:ARG351;CONTACT:ARG578;CONTACT:MET408;CONTACT:PHE575;CONTACT:TYR443;HBOND:ALA228;HBOND:ARG351;HBOND:ARG578;HYDROPHOBIC:MET408;HYDROPHOBIC:PHE575;HYDROPHOBIC:TYR443;POLAR:ARG351;POLAR:ARG578;WALKER:ALA227;WALKER:ALA228,19.0,True,True,/workspace/URAT1_NLRP3_DualTarget_AIDD_Project/data/campaigns/c1/07_clinical_dock/acid_dual_a2/nlrp3_7alv/seed44/REP_01181_out.sdf,3.2448879795764944,True,3.120360395851731,True,3.238788199311591,True,4.30994802752887,True,3.1921336124918116,True,3.7129946135161536,True,2.799511028733408,True,clinical_acid_background,
REP_03306,nlrp3_7alv,44,9.0,1.0,0.566006064,6.91408539,2.7532925858236106,True,0.5757575757575758,5.0,0.7142857142857143,0.7,AROMATIC:PHE575;AROMATIC:TYR443;CONTACT:ALA227;CONTACT:ALA228;CONTACT:ARG578;CONTACT:PHE575;CONTACT:TYR443;HBOND:ALA227;HBOND:ALA228;HBOND:ARG578;HYDROPHOBIC:PHE575;HYDROPHOBIC:TYR443;POLAR:ARG578;WALKER:ALA227;WALKER:ALA228,15.0,True,True,/workspace/URAT1_NLRP3_DualTarget_AIDD_Project/data/campaigns/c1/07_clinical_dock/acid_dual_a2/nlrp3_7alv/seed44/REP_03306_out.sdf,3.206606149810093,True,3.1159005118905774,True,5.7666046335777175,False,5.115946246785632,False,3.1286001662085234,True,3.444644974449478,True,2.846729527018676,True,clinical_acid_background,
REP_01346,nlrp3_7alv,44,9.0,1.0,0.455217481,6.39055967,3.9261977574982825,True,0.6666666666666666,3.0,0.42857142857142855,0.4,AROMATIC:PHE575;CLASH:ANY;CONTACT:ALA227;CONTACT:ARG578;CONTACT:PHE575;HBOND:ARG578;HYDROPHOBIC:PHE575;POLAR:ARG578;WALKER:ALA227,9.0,False,False,/workspace/URAT1_NLRP3_DualTarget_AIDD_Project/data/campaigns/c1/07_clinical_dock/acid_dual_a2/nlrp3_7alv/seed44/REP_01346_out.sdf,2.744283877444176,True,4.610861633144057,False,4.871454608225351,False,5.44109593740085,False,6.980455142753941,False,2.2684651198552728,True,2.8214232224180824,True,clinical_acid_background,
REP_07910,nlrp3_7alv,44,9.0,1.0,0.836113155,6.91961479,2.3839991934935494,True,0.6551724137931034,6.0,0.8571428571428571,0.75,AROMATIC:PHE575;AROMATIC:TYR443;CONTACT:ALA227;CONTACT:ALA228;CONTACT:ARG578;CONTACT:MET408;CONTACT:PHE575;CONTACT:TYR443;HBOND:ALA227;HBOND:ARG578;HYDROPHOBIC:MET408;HYDROPHOBIC:PHE575;HYDROPHOBIC:TYR443;POLAR:ARG578;WALKER:ALA227;WALKER:ALA228,16.0,True,True,/workspace/URAT1_NLRP3_DualTarget_AIDD_Project/data/campaigns/c1/07_clinical_dock/acid_dual_a2/nlrp3_7alv/seed44/REP_07910_out.sdf,3.0748466628435143,True,3.4527922034202905,True,6.42780281278136,False,3.7412941611159094,True,3.3837709733372923,True,3.8745861714510887,True,3.147165391268787,True,clinical_acid_background,
REP_01494,nlrp3_7alv,44,9.0,1.0,0.235955045,5.26029778,4.588088044003129,True,0.5714285714285714,3.0,0.42857142857142855,0.42105263157894735,AROMATIC:PHE575;CONTACT:ALA227;CONTACT:ARG578;CONTACT:PHE575;HBOND:ARG578;HYDROPHOBIC:PHE575;POLAR:ARG578;WALKER:ALA227,8.0,False,False,/workspace/URAT1_NLRP3_DualTarget_AIDD_Project/data/campaigns/c1/07_clinical_dock/acid_dual_a2/nlrp3_7alv/seed44/REP_01494_out.sdf,3.711485012767815,True,4.912118178545776,False,6.731462025444399,False,6.625679135001934,False,8.00857253198096,False,4.099965121802864,True,3.0266501284423377,True,clinical_acid_background,
REP_01131,nlrp3_7alv,44,9.0,1.0,0.602213681,5.80301332,6.0256322465559045,False,0.6153846153846154,5.0,0.7142857142857143,0.6842105263157895,AROMATIC:PHE575;CONTACT:ALA227;CONTACT:ALA228;CONTACT:ARG351;CONTACT:ARG578;CONTACT:PHE575;HBOND:ALA228;HBOND:ARG351;HYDROPHOBIC:PHE575;POLAR:ARG351;POLAR:ARG578;WALKER:ALA227;WALKER:ALA228,13.0,False,False,/workspace/URAT1_NLRP3_DualTarget_AIDD_Project/data/campaigns/c1/07_clinical_dock/acid_dual_a2/nlrp3_7alv/seed44/REP_01131_out.sdf,3.474483846559091,True,2.885464607303298,True,3.0547400871432595,True,11.334067804632193,False,9.482162095218579,False,3.2959347687719776,True,3.739589014851766,True,clinical_acid_background,
REP_01178,nlrp3_7alv,44,9.0,1.0,0.658900261,6.61604834,2.3429159873876233,True,0.7096774193548387,6.0,0.8571428571428571,0.75,AROMATIC:PHE575;AROMATIC:TYR443;CONTACT:ALA227;CONTACT:ALA228;CONTACT:ARG578;CONTACT:MET408;CONTACT:PHE575;CONTACT:TYR443;HBOND:ALA228;HBOND:TYR443;HYDROPHOBIC:MET408;HYDROPHOBIC:PHE575;HYDROPHOBIC:TYR443;POLAR:ARG578;WALKER:ALA227;WALKER:ALA228,16.0,True,True,/workspace/URAT1_NLRP3_DualTarget_AIDD_Project/data/campaigns/c1/07_clinical_dock/acid_dual_a2/nlrp3_7alv/seed44/REP_01178_out.sdf,3.3114066497487245,True,2.9725169469659853,True,5.931303903864649,False,4.144137304675123,True,2.764252521026253,True,3.5142980806983384,True,3.5548127939456937,True,clinical_acid_background,
REP_00476,nlrp3_7alv,44,9.0,1.0,0.241039708,5.25083876,3.217330237528121,True,0.896551724137931,5.0,0.7142857142857143,0.6842105263157895,AROMATIC:PHE575;CONTACT:ALA227;CONTACT:ALA228;CONTACT:ARG351;CONTACT:ARG578;CONTACT:PHE575;HBOND:ALA228;HBOND:ARG578;HYDROPHOBIC:PHE575;POLAR:ARG351;POLAR:ARG578;WALKER:ALA227;WALKER:ALA228,13.0,False,False,/workspace/URAT1_NLRP3_DualTarget_AIDD_Project/data/campaigns/c1/07_clinical_dock/acid_dual_a2/nlrp3_7alv/seed44/REP_00476_out.sdf,3.415029868097782,True,3.105544074715419,True,4.006585204385403,True,6.432042599361421,False,6.467224520611603,False,3.660365145719759,True,2.9983210301767147,True,clinical_acid_background,
REP_00077,nlrp3_7alv,44,9.0,1.0,0.627842307,6.08088875,0.9440683650866325,True,1.0,6.0,0.8571428571428571,0.8421052631578947,AROMATIC:PHE575;AROMATIC:TYR443;CONTACT:ALA227;CONTACT:ALA228;CONTACT:ARG351;CONTACT:ARG578;CONTACT:PHE575;CONTACT:TYR443;HBOND:ALA228;HBOND:ARG351;HYDROPHOBIC:PHE575;HYDROPHOBIC:TYR443;POLAR:ARG351;POLAR:ARG578;WALKER:ALA227;WALKER:ALA228,16.0,True,True,/workspace/URAT1_NLRP3_DualTarget_AIDD_Project/data/campaigns/c1/07_clinical_dock/acid_dual_a2/nlrp3_7alv/seed44/REP_00077_out.sdf,3.232824461674329,True,3.099654335567107,True,2.895815083875356,True,4.508911731227393,False,3.3865184186713044,True,3.3109604346775234,True,3.032796729093463,True,clinical_acid_background,
REP_07338,nlrp3_7alv,44,9.0,1.0,0.597830236,5.85733986,4.880062912800498,True,0.7407407407407407,5.0,0.7142857142857143,0.7368421052631579,AROMATIC:PHE575;CONTACT:ALA227;CONTACT:ALA228;CONTACT:ARG351;CONTACT:ARG578;CONTACT:PHE575;HBOND:ALA228;HBOND:ARG351;HBOND:ARG578;HYDROPHOBIC:PHE575;POLAR:ARG351;POLAR:ARG578;WALKER:ALA227;WALKER:ALA228,14.0,True,True,/workspace/URAT1_NLRP3_DualTarget_AIDD_Project/data/campaigns/c1/07_clinical_dock/acid_dual_a2/nlrp3_7alv/seed44/REP_07338_out.sdf,3.470968020595978,True,2.797918154628552,True,3.1273824518277276,True,8.467908596578027,False,9.390388809841687,False,3.5246069284389665,True,3.2281490052350437,True,clinical_acid_background,
REP_07000,nlrp3_7alv,44,9.0,1.0,0.673792183,7.2408638,2.5090674655401455,True,0.6285714285714286,6.0,0.8571428571428571,0.75,AROMATIC:PHE575;AROMATIC:TYR443;CONTACT:ALA227;CONTACT:ALA228;CONTACT:ARG578;CONTACT:MET408;CONTACT:PHE575;CONTACT:TYR443;HBOND:ALA228;HBOND:TYR443;HYDROPHOBIC:MET408;HYDROPHOBIC:PHE575;HYDROPHOBIC:TYR443;POLAR:ARG578;WALKER:ALA227;WALKER:ALA228,16.0,True,True,/workspace/URAT1_NLRP3_DualTarget_AIDD_Project/data/campaigns/c1/07_clinical_dock/acid_dual_a2/nlrp3_7alv/seed44/REP_07000_out.sdf,3.758076369633809,True,2.8166994869882727,True,6.109173839399238,False,3.5518730270098353,True,3.0141003632925005,True,3.4247706492552177,True,3.69923424508371,True,clinical_acid_background,
REP_06427,nlrp3_7alv,44,9.0,1.0,0.407258213,7.12230062,2.4233000159386204,True,0.6578947368421053,6.0,0.8571428571428571,0.7368421052631579,AROMATIC:PHE575;AROMATIC:TYR443;CONTACT:ALA227;CONTACT:ALA228;CONTACT:ARG578;CONTACT:MET408;CONTACT:PHE575;CONTACT:TYR443;HYDROPHOBIC:MET408;HYDROPHOBIC:PHE575;HYDROPHOBIC:TYR443;POLAR:ARG578;WALKER:ALA227;WALKER:ALA228,14.0,False,False,/workspace/URAT1_NLRP3_DualTarget_AIDD_Project/data/campaigns/c1/07_clinical_dock/acid_dual_a2/nlrp3_7alv/seed44/REP_06427_out.sdf,3.611310150070187,True,3.2939145404821817,True,5.53846720672787,False,4.340564479419697,True,3.071387145900046,True,3.700532123897863,True,3.4475642125999593,True,clinical_acid_background,
REP_07073,nlrp3_7alv,44,9.0,1.0,0.681330383,6.74005365,2.165313276824674,True,0.6470588235294118,6.0,0.8571428571428571,0.8947368421052632,AROMATIC:PHE575;AROMATIC:TYR443;CONTACT:ALA227;CONTACT:ALA228;CONTACT:ARG351;CONTACT:ARG578;CONTACT:PHE575;CONTACT:TYR443;HBOND:ALA228;HBOND:ARG351;HBOND:ARG578;HYDROPHOBIC:PHE575;HYDROPHOBIC:TYR443;POLAR:ARG351;POLAR:ARG578;WALKER:ALA227;WALKER:ALA228,17.0,True,True,/workspace/URAT1_NLRP3_DualTarget_AIDD_Project/data/campaigns/c1/07_clinical_dock/acid_dual_a2/nlrp3_7alv/seed44/REP_07073_out.sdf,2.9101554941274284,True,2.858421592417754,True,3.192517188677289,True,5.082326337416753,False,3.87478967171122,True,3.108472615288733,True,3.0817626449809468,True,clinical_acid_background,
REP_08014,nlrp3_7alv,44,9.0,1.0,0.510770321,7.04027128,2.2162420433994074,True,0.78125,5.0,0.7142857142857143,0.631578947368421,AROMATIC:PHE575;AROMATIC:TYR443;CONTACT:ALA227;CONTACT:ALA228;CONTACT:ARG578;CONTACT:PHE575;CONTACT:TYR443;HYDROPHOBIC:PHE575;HYDROPHOBIC:TYR443;POLAR:ARG578;WALKER:ALA227;WALKER:ALA228,12.0,True,True,/workspace/URAT1_NLRP3_DualTarget_AIDD_Project/data/campaigns/c1/07_clinical_dock/acid_dual_a2/nlrp3_7alv/seed44/REP_08014_out.sdf,3.437476545374535,True,3.1756267098007536,True,6.586847576800308,False,4.52508673950014,False,3.359672751920933,True,3.783505517374069,True,3.1503106196056283,True,clinical_acid_background,
REP_07837,nlrp3_7alv,44,9.0,1.0,0.271583736,6.48081207,1.9451685236052412,True,0.8,6.0,0.8571428571428571,0.7894736842105263,AROMATIC:PHE575;AROMATIC:TYR443;CONTACT:ALA227;CONTACT:ALA228;CONTACT:ARG578;CONTACT:MET408;CONTACT:PHE575;CONTACT:TYR443;HBOND:ALA228;HYDROPHOBIC:MET408;HYDROPHOBIC:PHE575;HYDROPHOBIC:TYR443;POLAR:ARG578;WALKER:ALA227;WALKER:ALA228,15.0,False,False,/workspace/URAT1_NLRP3_DualTarget_AIDD_Project/data/campaigns/c5/02_nlrp3_panel/background/seed44/REP_07837_out.sdf,3.888319045551692,True,3.4032591732044093,True,6.003237543192839,False,3.0917739244647295,True,3.5649276289989436,True,3.54994676016416,True,3.5009675805411247,True,clinical_acid_background,
REP_06524,nlrp3_7alv,44,9.0,1.0,0.702167511,6.62250757,1.150124901819993,True,0.92,6.0,0.8571428571428571,0.7894736842105263,AROMATIC:PHE575;AROMATIC:TYR443;CONTACT:ALA227;CONTACT:ALA228;CONTACT:ARG351;CONTACT:ARG578;CONTACT:PHE575;CONTACT:TYR443;HBOND:ALA228;HYDROPHOBIC:PHE575;HYDROPHOBIC:TYR443;POLAR:ARG351;POLAR:ARG578;WALKER:ALA227;WALKER:ALA228,15.0,True,True,/workspace/URAT1_NLRP3_DualTarget_AIDD_Project/data/campaigns/c1/07_clinical_dock/acid_dual_a2/nlrp3_7alv/seed44/REP_06524_out.sdf,3.326835282967886,True,2.94099132946699,True,3.8636535817798174,True,4.965017925445995,False,3.4887374507119353,True,3.0012324135261474,True,3.3943554616451106,True,clinical_acid_background,
REP_07055,nlrp3_7alv,44,9.0,1.0,0.553483665,7.04835176,0.6384457270058489,True,0.96875,7.0,1.0,0.9473684210526315,AROMATIC:PHE575;AROMATIC:TYR443;CONTACT:ALA227;CONTACT:ALA228;CONTACT:ARG351;CONTACT:ARG578;CONTACT:MET408;CONTACT:PHE575;CONTACT:TYR443;HBOND:ALA228;HBOND:ARG578;HYDROPHOBIC:MET408;HYDROPHOBIC:PHE575;HYDROPHOBIC:TYR443;POLAR:ARG351;POLAR:ARG578;WALKER:ALA227;WALKER:ALA228,18.0,True,True,/workspace/URAT1_NLRP3_DualTarget_AIDD_Project/data/campaigns/c1/07_clinical_dock/acid_dual_a2/nlrp3_7alv/seed44/REP_07055_out.sdf,2.9852527531182473,True,2.9905268766556805,True,4.006139787875608,True,3.766315175340483,True,3.472777274747117,True,3.2908933437594063,True,2.844758865000688,True,clinical_acid_background,
REP_07300,nlrp3_7alv,44,9.0,1.0,0.786219597,6.85769796,1.122772563008223,True,0.8648648648648649,6.0,0.8571428571428571,0.8947368421052632,AROMATIC:PHE575;AROMATIC:TYR443;CONTACT:ALA227;CONTACT:ALA228;CONTACT:ARG351;CONTACT:ARG578;CONTACT:PHE575;CONTACT:TYR443;HBOND:ALA228;HBOND:ARG351;HBOND:ARG578;HYDROPHOBIC:PHE575;HYDROPHOBIC:TYR443;POLAR:ARG351;POLAR:ARG578;WALKER:ALA227;WALKER:ALA228,17.0,True,True,/workspace/URAT1_NLRP3_DualTarget_AIDD_Project/data/campaigns/c1/07_clinical_dock/acid_dual_a2/nlrp3_7alv/seed44/REP_07300_out.sdf,3.2918733268459794,True,3.0467610671006016,True,3.0701727964399614,True,4.6798065130943165,False,3.90372616867526,True,3.061625385314141,True,2.930800232018551,True,clinical_acid_background,
REP_00992,nlrp3_7alv,44,9.0,1.0,0.936053932,7.07758713,0.14832267504806232,True,0.9655172413793104,6.0,0.8571428571428571,0.8421052631578947,AROMATIC:PHE575;AROMATIC:TYR443;CONTACT:ALA227;CONTACT:ALA228;CONTACT:ARG351;CONTACT:ARG578;CONTACT:PHE575;CONTACT:TYR443;HBOND:ALA228;HBOND:ARG351;HYDROPHOBIC:PHE575;HYDROPHOBIC:TYR443;POLAR:ARG351;POLAR:ARG578;WALKER:ALA227;WALKER:ALA228,16.0,True,True,/workspace/URAT1_NLRP3_DualTarget_AIDD_Project/data/campaigns/c1/07_clinical_dock/acid_dual_a2/nlrp3_7alv/seed44/REP_00992_out.sdf,3.5260388540116887,True,2.9252572536445447,True,3.2305994799727227,True,4.9277613578581505,False,3.0532880637109847,True,3.67300748706016,True,3.629275134238236,True,clinical_acid_background,
REP_02001,nlrp3_7alv,44,9.0,1.0,0.549735785,6.34276628,3.3029801656188633,True,0.7142857142857143,5.0,0.7142857142857143,0.6842105263157895,AROMATIC:PHE575;CONTACT:ALA227;CONTACT:ALA228;CONTACT:ARG351;CONTACT:ARG578;CONTACT:PHE575;HBOND:ALA228;HBOND:ARG578;HYDROPHOBIC:PHE575;POLAR:ARG351;POLAR:ARG578;WALKER:ALA227;WALKER:ALA228,13.0,True,True,/workspace/URAT1_NLRP3_DualTarget_AIDD_Project/data/campaigns/c1/07_clinical_dock/acid_dual_a2/nlrp3_7alv/seed44/REP_02001_out.sdf,3.5672438941008817,True,2.8286735407254073,True,3.751143958847756,True,6.955538368810857,False,6.873626917428669,False,3.1150101123431333,True,2.9959097115901203,True,clinical_acid_background,
